Event,Date_Time,TemperatureC,Field,Pop,Cage,Height,Treatment
1,2021/07/01 10:55:39,35.56,YF,DC,S_DCS_P1,60,Predator
2,2021/07/01 11:55:39,29.21,YF,DC,S_DCS_P1,60,Predator
3,2021/07/01 12:55:39,31.49,YF,DC,S_DCS_P1,60,Predator
4,2021/07/01 13:55:39,26.68,YF,DC,S_DCS_P1,60,Predator
5,2021/07/01 14:55:39,25.48,YF,DC,S_DCS_P1,60,Predator
6,2021/07/01 15:55:39,24.54,YF,DC,S_DCS_P1,60,Predator
7,2021/07/01 16:55:39,24.28,YF,DC,S_DCS_P1,60,Predator
8,2021/07/01 17:55:39,24.19,YF,DC,S_DCS_P1,60,Predator
9,2021/07/01 18:55:39,22.56,YF,DC,S_DCS_P1,60,Predator
10,2021/07/01 19:55:39,21.10,YF,DC,S_DCS_P1,60,Predator
11,2021/07/01 20:55:39,19.99,YF,DC,S_DCS_P1,60,Predator
12,2021/07/01 21:55:39,19.82,YF,DC,S_DCS_P1,60,Predator
13,2021/07/01 22:55:39,19.77,YF,DC,S_DCS_P1,60,Predator
14,2021/07/01 23:55:39,18.66,YF,DC,S_DCS_P1,60,Predator
15,2021/07/02 00:55:39,18.70,YF,DC,S_DCS_P1,60,Predator
16,2021/07/02 01:55:39,18.70,YF,DC,S_DCS_P1,60,Predator
17,2021/07/02 02:55:39,18.32,YF,DC,S_DCS_P1,60,Predator
18,2021/07/02 03:55:39,18.06,YF,DC,S_DCS_P1,60,Predator
19,2021/07/02 04:55:39,17.84,YF,DC,S_DCS_P1,60,Predator
20,2021/07/02 05:55:39,17.93,YF,DC,S_DCS_P1,60,Predator
21,2021/07/02 06:55:39,18.40,YF,DC,S_DCS_P1,60,Predator
22,2021/07/02 07:55:39,18.74,YF,DC,S_DCS_P1,60,Predator
23,2021/07/02 08:55:39,19.82,YF,DC,S_DCS_P1,60,Predator
24,2021/07/02 09:55:39,20.76,YF,DC,S_DCS_P1,60,Predator
25,2021/07/02 10:55:39,19.05,YF,DC,S_DCS_P1,60,Predator
26,2021/07/02 11:55:39,19.05,YF,DC,S_DCS_P1,60,Predator
27,2021/07/02 12:55:39,16.81,YF,DC,S_DCS_P1,60,Predator
28,2021/07/02 13:55:39,15.66,YF,DC,S_DCS_P1,60,Predator
29,2021/07/02 14:55:39,15.23,YF,DC,S_DCS_P1,60,Predator
30,2021/07/02 15:55:39,14.97,YF,DC,S_DCS_P1,60,Predator
31,2021/07/02 16:55:39,14.33,YF,DC,S_DCS_P1,60,Predator
32,2021/07/02 17:55:39,14.11,YF,DC,S_DCS_P1,60,Predator
33,2021/07/02 18:55:39,13.47,YF,DC,S_DCS_P1,60,Predator
34,2021/07/02 19:55:39,13.04,YF,DC,S_DCS_P1,60,Predator
35,2021/07/02 20:55:39,12.91,YF,DC,S_DCS_P1,60,Predator
36,2021/07/02 21:55:39,12.91,YF,DC,S_DCS_P1,60,Predator
37,2021/07/02 22:55:39,12.87,YF,DC,S_DCS_P1,60,Predator
38,2021/07/02 23:55:39,12.91,YF,DC,S_DCS_P1,60,Predator
39,2021/07/03 00:55:39,12.91,YF,DC,S_DCS_P1,60,Predator
40,2021/07/03 01:55:39,12.91,YF,DC,S_DCS_P1,60,Predator
41,2021/07/03 02:55:39,12.87,YF,DC,S_DCS_P1,60,Predator
42,2021/07/03 03:55:39,12.78,YF,DC,S_DCS_P1,60,Predator
43,2021/07/03 04:55:39,12.65,YF,DC,S_DCS_P1,60,Predator
44,2021/07/03 05:55:39,12.74,YF,DC,S_DCS_P1,60,Predator
45,2021/07/03 06:55:39,13.08,YF,DC,S_DCS_P1,60,Predator
46,2021/07/03 07:55:39,13.47,YF,DC,S_DCS_P1,60,Predator
47,2021/07/03 08:55:39,14.50,YF,DC,S_DCS_P1,60,Predator
48,2021/07/03 09:55:39,15.06,YF,DC,S_DCS_P1,60,Predator
49,2021/07/03 10:55:39,15.53,YF,DC,S_DCS_P1,60,Predator
50,2021/07/03 11:55:39,15.27,YF,DC,S_DCS_P1,60,Predator
51,2021/07/03 12:55:39,14.88,YF,DC,S_DCS_P1,60,Predator
52,2021/07/03 13:55:39,14.50,YF,DC,S_DCS_P1,60,Predator
53,2021/07/03 14:55:39,13.73,YF,DC,S_DCS_P1,60,Predator
54,2021/07/03 15:55:39,13.47,YF,DC,S_DCS_P1,60,Predator
55,2021/07/03 16:55:39,13.47,YF,DC,S_DCS_P1,60,Predator
56,2021/07/03 17:55:39,12.82,YF,DC,S_DCS_P1,60,Predator
57,2021/07/03 18:55:39,12.48,YF,DC,S_DCS_P1,60,Predator
58,2021/07/03 19:55:39,11.97,YF,DC,S_DCS_P1,60,Predator
59,2021/07/03 20:55:39,11.62,YF,DC,S_DCS_P1,60,Predator
60,2021/07/03 21:55:39,11.54,YF,DC,S_DCS_P1,60,Predator
61,2021/07/03 22:55:39,11.67,YF,DC,S_DCS_P1,60,Predator
62,2021/07/03 23:55:39,11.71,YF,DC,S_DCS_P1,60,Predator
63,2021/07/04 00:55:39,11.62,YF,DC,S_DCS_P1,60,Predator
64,2021/07/04 01:55:39,11.75,YF,DC,S_DCS_P1,60,Predator
65,2021/07/04 02:55:39,11.79,YF,DC,S_DCS_P1,60,Predator
66,2021/07/04 03:55:39,11.75,YF,DC,S_DCS_P1,60,Predator
67,2021/07/04 04:55:39,11.49,YF,DC,S_DCS_P1,60,Predator
68,2021/07/04 05:55:39,11.97,YF,DC,S_DCS_P1,60,Predator
69,2021/07/04 06:55:39,13.17,YF,DC,S_DCS_P1,60,Predator
70,2021/07/04 07:55:39,14.28,YF,DC,S_DCS_P1,60,Predator
71,2021/07/04 08:55:39,14.97,YF,DC,S_DCS_P1,60,Predator
72,2021/07/04 09:55:39,15.66,YF,DC,S_DCS_P1,60,Predator
73,2021/07/04 10:55:39,17.59,YF,DC,S_DCS_P1,60,Predator
74,2021/07/04 11:55:39,18.96,YF,DC,S_DCS_P1,60,Predator
75,2021/07/04 12:55:39,18.96,YF,DC,S_DCS_P1,60,Predator
76,2021/07/04 13:55:39,24.54,YF,DC,S_DCS_P1,60,Predator
77,2021/07/04 14:55:39,23.68,YF,DC,S_DCS_P1,60,Predator
78,2021/07/04 15:55:39,21.83,YF,DC,S_DCS_P1,60,Predator
79,2021/07/04 16:55:39,22.43,YF,DC,S_DCS_P1,60,Predator
80,2021/07/04 17:55:39,21.66,YF,DC,S_DCS_P1,60,Predator
81,2021/07/04 18:55:39,18.57,YF,DC,S_DCS_P1,60,Predator
82,2021/07/04 19:55:39,16.47,YF,DC,S_DCS_P1,60,Predator
83,2021/07/04 20:55:39,15.01,YF,DC,S_DCS_P1,60,Predator
84,2021/07/04 21:55:39,13.81,YF,DC,S_DCS_P1,60,Predator
85,2021/07/04 22:55:39,13.47,YF,DC,S_DCS_P1,60,Predator
86,2021/07/04 23:55:39,13.30,YF,DC,S_DCS_P1,60,Predator
87,2021/07/05 00:55:39,14.28,YF,DC,S_DCS_P1,60,Predator
88,2021/07/05 01:55:39,14.93,YF,DC,S_DCS_P1,60,Predator
89,2021/07/05 02:55:39,14.15,YF,DC,S_DCS_P1,60,Predator
90,2021/07/05 03:55:39,13.51,YF,DC,S_DCS_P1,60,Predator
91,2021/07/05 04:55:39,13.04,YF,DC,S_DCS_P1,60,Predator
92,2021/07/05 05:55:39,13.08,YF,DC,S_DCS_P1,60,Predator
93,2021/07/05 06:55:39,14.24,YF,DC,S_DCS_P1,60,Predator
94,2021/07/05 07:55:39,15.78,YF,DC,S_DCS_P1,60,Predator
95,2021/07/05 08:55:39,16.77,YF,DC,S_DCS_P1,60,Predator
96,2021/07/05 09:55:39,17.84,YF,DC,S_DCS_P1,60,Predator
97,2021/07/05 10:55:39,19.65,YF,DC,S_DCS_P1,60,Predator
98,2021/07/05 11:55:39,20.33,YF,DC,S_DCS_P1,60,Predator
99,2021/07/05 12:55:39,21.40,YF,DC,S_DCS_P1,60,Predator
100,2021/07/05 13:55:39,21.83,YF,DC,S_DCS_P1,60,Predator
101,2021/07/05 14:55:39,22.65,YF,DC,S_DCS_P1,60,Predator
102,2021/07/05 15:55:39,23.46,YF,DC,S_DCS_P1,60,Predator
103,2021/07/05 16:55:39,23.38,YF,DC,S_DCS_P1,60,Predator
104,2021/07/05 17:55:39,21.83,YF,DC,S_DCS_P1,60,Predator
105,2021/07/05 18:55:39,20.89,YF,DC,S_DCS_P1,60,Predator
106,2021/07/05 19:55:39,19.90,YF,DC,S_DCS_P1,60,Predator
107,2021/07/05 20:55:39,19.17,YF,DC,S_DCS_P1,60,Predator
108,2021/07/05 21:55:39,19.17,YF,DC,S_DCS_P1,60,Predator
109,2021/07/05 22:55:39,19.17,YF,DC,S_DCS_P1,60,Predator
110,2021/07/05 23:55:39,18.83,YF,DC,S_DCS_P1,60,Predator
111,2021/07/06 00:55:39,18.66,YF,DC,S_DCS_P1,60,Predator
112,2021/07/06 01:55:39,18.14,YF,DC,S_DCS_P1,60,Predator
113,2021/07/06 02:55:39,17.80,YF,DC,S_DCS_P1,60,Predator
114,2021/07/06 03:55:39,17.67,YF,DC,S_DCS_P1,60,Predator
115,2021/07/06 04:55:39,17.50,YF,DC,S_DCS_P1,60,Predator
116,2021/07/06 05:55:39,17.67,YF,DC,S_DCS_P1,60,Predator
117,2021/07/06 06:55:39,18.96,YF,DC,S_DCS_P1,60,Predator
118,2021/07/06 07:55:39,20.59,YF,DC,S_DCS_P1,60,Predator
119,2021/07/06 08:55:39,22.86,YF,DC,S_DCS_P1,60,Predator
120,2021/07/06 09:55:39,27.93,YF,DC,S_DCS_P1,60,Predator
121,2021/07/06 10:55:39,29.98,YF,DC,S_DCS_P1,60,Predator
122,2021/07/06 11:55:39,30.41,YF,DC,S_DCS_P1,60,Predator
123,2021/07/06 12:55:39,32.56,YF,DC,S_DCS_P1,60,Predator
124,2021/07/06 13:55:39,32.30,YF,DC,S_DCS_P1,60,Predator
125,2021/07/06 14:55:39,31.87,YF,DC,S_DCS_P1,60,Predator
126,2021/07/06 15:55:39,32.00,YF,DC,S_DCS_P1,60,Predator
127,2021/07/06 16:55:39,27.75,YF,DC,S_DCS_P1,60,Predator
128,2021/07/06 17:55:39,20.42,YF,DC,S_DCS_P1,60,Predator
129,2021/07/06 18:55:39,19.82,YF,DC,S_DCS_P1,60,Predator
130,2021/07/06 19:55:39,19.47,YF,DC,S_DCS_P1,60,Predator
131,2021/07/06 20:55:39,19.09,YF,DC,S_DCS_P1,60,Predator
132,2021/07/06 21:55:39,18.74,YF,DC,S_DCS_P1,60,Predator
133,2021/07/06 22:55:39,18.27,YF,DC,S_DCS_P1,60,Predator
134,2021/07/06 23:55:39,18.40,YF,DC,S_DCS_P1,60,Predator
135,2021/07/07 00:55:39,18.32,YF,DC,S_DCS_P1,60,Predator
136,2021/07/07 01:55:39,18.32,YF,DC,S_DCS_P1,60,Predator
137,2021/07/07 02:55:39,18.36,YF,DC,S_DCS_P1,60,Predator
138,2021/07/07 03:55:39,17.63,YF,DC,S_DCS_P1,60,Predator
139,2021/07/07 04:55:39,18.49,YF,DC,S_DCS_P1,60,Predator
140,2021/07/07 05:55:39,18.32,YF,DC,S_DCS_P1,60,Predator
141,2021/07/07 06:55:39,19.52,YF,DC,S_DCS_P1,60,Predator
142,2021/07/07 07:55:39,22.61,YF,DC,S_DCS_P1,60,Predator
143,2021/07/07 08:55:39,25.44,YF,DC,S_DCS_P1,60,Predator
144,2021/07/07 09:55:39,28.53,YF,DC,S_DCS_P1,60,Predator
145,2021/07/07 10:55:39,30.50,YF,DC,S_DCS_P1,60,Predator
146,2021/07/07 11:55:39,32.26,YF,DC,S_DCS_P1,60,Predator
147,2021/07/07 12:55:39,34.23,YF,DC,S_DCS_P1,60,Predator
148,2021/07/07 13:55:39,35.13,YF,DC,S_DCS_P1,60,Predator
149,2021/07/07 14:55:39,34.70,YF,DC,S_DCS_P1,60,Predator
150,2021/07/07 15:55:39,33.59,YF,DC,S_DCS_P1,60,Predator
151,2021/07/07 16:55:39,32.30,YF,DC,S_DCS_P1,60,Predator
152,2021/07/07 17:55:39,26.30,YF,DC,S_DCS_P1,60,Predator
153,2021/07/07 18:55:39,19.69,YF,DC,S_DCS_P1,60,Predator
154,2021/07/07 19:55:39,20.46,YF,DC,S_DCS_P1,60,Predator
155,2021/07/07 20:55:39,18.74,YF,DC,S_DCS_P1,60,Predator
156,2021/07/07 21:55:39,19.35,YF,DC,S_DCS_P1,60,Predator
157,2021/07/07 22:55:39,19.35,YF,DC,S_DCS_P1,60,Predator
158,2021/07/07 23:55:39,18.74,YF,DC,S_DCS_P1,60,Predator
159,2021/07/08 00:55:39,18.40,YF,DC,S_DCS_P1,60,Predator
160,2021/07/08 01:55:39,18.53,YF,DC,S_DCS_P1,60,Predator
161,2021/07/08 02:55:39,19.17,YF,DC,S_DCS_P1,60,Predator
162,2021/07/08 03:55:39,19.13,YF,DC,S_DCS_P1,60,Predator
163,2021/07/08 04:55:39,18.70,YF,DC,S_DCS_P1,60,Predator
164,2021/07/08 05:55:39,16.26,YF,DC,S_DCS_P1,60,Predator
165,2021/07/08 06:55:39,16.60,YF,DC,S_DCS_P1,60,Predator
166,2021/07/08 07:55:39,17.97,YF,DC,S_DCS_P1,60,Predator
167,2021/07/08 08:55:39,18.83,YF,DC,S_DCS_P1,60,Predator
168,2021/07/08 09:55:39,20.55,YF,DC,S_DCS_P1,60,Predator
169,2021/07/08 10:55:39,18.96,YF,DC,S_DCS_P1,60,Predator
170,2021/07/08 11:55:39,20.55,YF,DC,S_DCS_P1,60,Predator
171,2021/07/08 12:55:39,21.79,YF,DC,S_DCS_P1,60,Predator
172,2021/07/08 13:55:39,21.23,YF,DC,S_DCS_P1,60,Predator
173,2021/07/08 14:55:39,20.37,YF,DC,S_DCS_P1,60,Predator
174,2021/07/08 15:55:39,19.56,YF,DC,S_DCS_P1,60,Predator
175,2021/07/08 16:55:39,18.87,YF,DC,S_DCS_P1,60,Predator
176,2021/07/08 17:55:39,17.80,YF,DC,S_DCS_P1,60,Predator
177,2021/07/08 18:55:39,17.29,YF,DC,S_DCS_P1,60,Predator
178,2021/07/08 19:55:39,17.16,YF,DC,S_DCS_P1,60,Predator
179,2021/07/08 20:55:39,16.77,YF,DC,S_DCS_P1,60,Predator
180,2021/07/08 21:55:39,16.86,YF,DC,S_DCS_P1,60,Predator
181,2021/07/08 22:55:39,16.99,YF,DC,S_DCS_P1,60,Predator
182,2021/07/08 23:55:39,16.81,YF,DC,S_DCS_P1,60,Predator
183,2021/07/09 00:55:39,16.77,YF,DC,S_DCS_P1,60,Predator
184,2021/07/09 01:55:39,17.11,YF,DC,S_DCS_P1,60,Predator
185,2021/07/09 02:55:39,17.54,YF,DC,S_DCS_P1,60,Predator
186,2021/07/09 03:55:39,17.59,YF,DC,S_DCS_P1,60,Predator
187,2021/07/09 04:55:39,17.67,YF,DC,S_DCS_P1,60,Predator
188,2021/07/09 05:55:39,17.63,YF,DC,S_DCS_P1,60,Predator
189,2021/07/09 06:55:39,18.27,YF,DC,S_DCS_P1,60,Predator
190,2021/07/09 07:55:39,18.44,YF,DC,S_DCS_P1,60,Predator
191,2021/07/09 08:55:39,18.92,YF,DC,S_DCS_P1,60,Predator
192,2021/07/09 09:55:39,19.05,YF,DC,S_DCS_P1,60,Predator
193,2021/07/09 10:55:39,19.00,YF,DC,S_DCS_P1,60,Predator
194,2021/07/09 11:55:39,18.62,YF,DC,S_DCS_P1,60,Predator
195,2021/07/09 12:55:39,18.62,YF,DC,S_DCS_P1,60,Predator
196,2021/07/09 13:55:39,19.52,YF,DC,S_DCS_P1,60,Predator
197,2021/07/09 14:55:39,22.35,YF,DC,S_DCS_P1,60,Predator
198,2021/07/09 15:55:39,23.72,YF,DC,S_DCS_P1,60,Predator
199,2021/07/09 16:55:39,24.79,YF,DC,S_DCS_P1,60,Predator
200,2021/07/09 17:55:39,23.85,YF,DC,S_DCS_P1,60,Predator
201,2021/07/09 18:55:39,22.39,YF,DC,S_DCS_P1,60,Predator
202,2021/07/09 19:55:39,20.98,YF,DC,S_DCS_P1,60,Predator
203,2021/07/09 20:55:39,19.90,YF,DC,S_DCS_P1,60,Predator
204,2021/07/09 21:55:39,20.68,YF,DC,S_DCS_P1,60,Predator
205,2021/07/09 22:55:39,18.23,YF,DC,S_DCS_P1,60,Predator
206,2021/07/09 23:55:39,18.32,YF,DC,S_DCS_P1,60,Predator
207,2021/07/10 00:55:39,18.23,YF,DC,S_DCS_P1,60,Predator
208,2021/07/10 01:55:39,19.05,YF,DC,S_DCS_P1,60,Predator
209,2021/07/10 02:55:39,18.36,YF,DC,S_DCS_P1,60,Predator
210,2021/07/10 03:55:39,18.83,YF,DC,S_DCS_P1,60,Predator
211,2021/07/10 04:55:39,19.13,YF,DC,S_DCS_P1,60,Predator
212,2021/07/10 05:55:39,18.70,YF,DC,S_DCS_P1,60,Predator
213,2021/07/10 06:55:39,18.44,YF,DC,S_DCS_P1,60,Predator
214,2021/07/10 07:55:39,18.66,YF,DC,S_DCS_P1,60,Predator
215,2021/07/10 08:55:39,20.03,YF,DC,S_DCS_P1,60,Predator
216,2021/07/10 09:55:39,19.99,YF,DC,S_DCS_P1,60,Predator
217,2021/07/10 10:55:39,21.10,YF,DC,S_DCS_P1,60,Predator
218,2021/07/10 11:55:39,23.76,YF,DC,S_DCS_P1,60,Predator
219,2021/07/10 12:55:39,25.91,YF,DC,S_DCS_P1,60,Predator
220,2021/07/10 13:55:39,25.87,YF,DC,S_DCS_P1,60,Predator
221,2021/07/10 14:55:39,25.09,YF,DC,S_DCS_P1,60,Predator
222,2021/07/10 15:55:39,24.24,YF,DC,S_DCS_P1,60,Predator
223,2021/07/10 16:55:39,23.85,YF,DC,S_DCS_P1,60,Predator
224,2021/07/10 17:55:39,23.34,YF,DC,S_DCS_P1,60,Predator
225,2021/07/10 18:55:39,21.92,YF,DC,S_DCS_P1,60,Predator
226,2021/07/10 19:55:39,18.66,YF,DC,S_DCS_P1,60,Predator
227,2021/07/10 20:55:39,16.99,YF,DC,S_DCS_P1,60,Predator
228,2021/07/10 21:55:39,16.60,YF,DC,S_DCS_P1,60,Predator
229,2021/07/10 22:55:39,15.44,YF,DC,S_DCS_P1,60,Predator
230,2021/07/10 23:55:39,15.44,YF,DC,S_DCS_P1,60,Predator
231,2021/07/11 00:55:39,15.27,YF,DC,S_DCS_P1,60,Predator
232,2021/07/11 01:55:39,15.44,YF,DC,S_DCS_P1,60,Predator
233,2021/07/11 02:55:39,15.91,YF,DC,S_DCS_P1,60,Predator
234,2021/07/11 03:55:39,17.46,YF,DC,S_DCS_P1,60,Predator
235,2021/07/11 04:55:39,17.33,YF,DC,S_DCS_P1,60,Predator
236,2021/07/11 05:55:39,18.23,YF,DC,S_DCS_P1,60,Predator
237,2021/07/11 06:55:39,19.56,YF,DC,S_DCS_P1,60,Predator
238,2021/07/11 07:55:39,20.29,YF,DC,S_DCS_P1,60,Predator
239,2021/07/11 08:55:39,21.79,YF,DC,S_DCS_P1,60,Predator
240,2021/07/11 09:55:39,23.98,YF,DC,S_DCS_P1,60,Predator
241,2021/07/11 10:55:39,25.82,YF,DC,S_DCS_P1,60,Predator
242,2021/07/11 11:55:39,26.90,YF,DC,S_DCS_P1,60,Predator
243,2021/07/11 12:55:39,27.28,YF,DC,S_DCS_P1,60,Predator
244,2021/07/11 13:55:39,27.20,YF,DC,S_DCS_P1,60,Predator
245,2021/07/11 14:55:39,22.65,YF,DC,S_DCS_P1,60,Predator
246,2021/07/11 15:55:39,22.99,YF,DC,S_DCS_P1,60,Predator
247,2021/07/11 16:55:39,22.99,YF,DC,S_DCS_P1,60,Predator
248,2021/07/11 17:55:39,22.05,YF,DC,S_DCS_P1,60,Predator
249,2021/07/11 18:55:39,21.40,YF,DC,S_DCS_P1,60,Predator
250,2021/07/11 19:55:39,19.99,YF,DC,S_DCS_P1,60,Predator
251,2021/07/11 20:55:39,19.47,YF,DC,S_DCS_P1,60,Predator
252,2021/07/11 21:55:39,19.43,YF,DC,S_DCS_P1,60,Predator
253,2021/07/11 22:55:39,18.83,YF,DC,S_DCS_P1,60,Predator
254,2021/07/11 23:55:39,18.62,YF,DC,S_DCS_P1,60,Predator
255,2021/07/12 00:55:39,18.96,YF,DC,S_DCS_P1,60,Predator
256,2021/07/12 01:55:39,19.09,YF,DC,S_DCS_P1,60,Predator
257,2021/07/12 02:55:39,19.09,YF,DC,S_DCS_P1,60,Predator
258,2021/07/12 03:55:39,19.05,YF,DC,S_DCS_P1,60,Predator
259,2021/07/12 04:55:39,19.00,YF,DC,S_DCS_P1,60,Predator
260,2021/07/12 05:55:39,19.17,YF,DC,S_DCS_P1,60,Predator
261,2021/07/12 06:55:39,19.60,YF,DC,S_DCS_P1,60,Predator
262,2021/07/12 07:55:39,19.65,YF,DC,S_DCS_P1,60,Predator
263,2021/07/12 08:55:39,18.57,YF,DC,S_DCS_P1,60,Predator
264,2021/07/12 09:55:39,17.93,YF,DC,S_DCS_P1,60,Predator
265,2021/07/12 10:55:39,18.66,YF,DC,S_DCS_P1,60,Predator
266,2021/07/12 11:55:39,19.00,YF,DC,S_DCS_P1,60,Predator
267,2021/07/12 12:55:39,19.39,YF,DC,S_DCS_P1,60,Predator
268,2021/07/12 13:55:39,20.46,YF,DC,S_DCS_P1,60,Predator
269,2021/07/12 14:55:39,20.76,YF,DC,S_DCS_P1,60,Predator
270,2021/07/12 15:55:39,20.25,YF,DC,S_DCS_P1,60,Predator
271,2021/07/12 16:55:39,19.43,YF,DC,S_DCS_P1,60,Predator
272,2021/07/12 17:55:39,19.09,YF,DC,S_DCS_P1,60,Predator
273,2021/07/12 18:55:39,18.57,YF,DC,S_DCS_P1,60,Predator
274,2021/07/12 19:55:39,18.10,YF,DC,S_DCS_P1,60,Predator
275,2021/07/12 20:55:39,17.76,YF,DC,S_DCS_P1,60,Predator
276,2021/07/12 21:55:39,17.29,YF,DC,S_DCS_P1,60,Predator
277,2021/07/12 22:55:39,17.37,YF,DC,S_DCS_P1,60,Predator
278,2021/07/12 23:55:39,17.11,YF,DC,S_DCS_P1,60,Predator
279,2021/07/13 00:55:39,17.11,YF,DC,S_DCS_P1,60,Predator
280,2021/07/13 01:55:39,16.81,YF,DC,S_DCS_P1,60,Predator
281,2021/07/13 02:55:39,16.81,YF,DC,S_DCS_P1,60,Predator
282,2021/07/13 03:55:39,16.56,YF,DC,S_DCS_P1,60,Predator
283,2021/07/13 04:55:39,16.47,YF,DC,S_DCS_P1,60,Predator
284,2021/07/13 05:55:39,16.43,YF,DC,S_DCS_P1,60,Predator
285,2021/07/13 06:55:39,16.77,YF,DC,S_DCS_P1,60,Predator
286,2021/07/13 07:55:39,17.07,YF,DC,S_DCS_P1,60,Predator
287,2021/07/13 08:55:39,18.96,YF,DC,S_DCS_P1,60,Predator
288,2021/07/13 09:55:39,19.00,YF,DC,S_DCS_P1,60,Predator
289,2021/07/13 10:55:39,19.90,YF,DC,S_DCS_P1,60,Predator
290,2021/07/13 11:55:39,20.76,YF,DC,S_DCS_P1,60,Predator
291,2021/07/13 12:55:39,20.07,YF,DC,S_DCS_P1,60,Predator
292,2021/07/13 13:55:39,21.23,YF,DC,S_DCS_P1,60,Predator
293,2021/07/13 14:55:39,20.93,YF,DC,S_DCS_P1,60,Predator
294,2021/07/13 15:55:39,20.55,YF,DC,S_DCS_P1,60,Predator
295,2021/07/13 16:55:39,20.42,YF,DC,S_DCS_P1,60,Predator
296,2021/07/13 17:55:39,20.16,YF,DC,S_DCS_P1,60,Predator
297,2021/07/13 18:55:39,19.35,YF,DC,S_DCS_P1,60,Predator
298,2021/07/13 19:55:39,18.87,YF,DC,S_DCS_P1,60,Predator
299,2021/07/13 20:55:39,18.74,YF,DC,S_DCS_P1,60,Predator
300,2021/07/13 21:55:39,18.66,YF,DC,S_DCS_P1,60,Predator
301,2021/07/13 22:55:39,18.53,YF,DC,S_DCS_P1,60,Predator
302,2021/07/13 23:55:39,18.40,YF,DC,S_DCS_P1,60,Predator
303,2021/07/14 00:55:39,18.40,YF,DC,S_DCS_P1,60,Predator
304,2021/07/14 01:55:39,18.36,YF,DC,S_DCS_P1,60,Predator
305,2021/07/14 02:55:39,18.36,YF,DC,S_DCS_P1,60,Predator
306,2021/07/14 03:55:39,18.27,YF,DC,S_DCS_P1,60,Predator
307,2021/07/14 04:55:39,18.23,YF,DC,S_DCS_P1,60,Predator
308,2021/07/14 05:55:39,18.53,YF,DC,S_DCS_P1,60,Predator
309,2021/07/14 06:55:39,18.96,YF,DC,S_DCS_P1,60,Predator
310,2021/07/14 07:55:39,20.07,YF,DC,S_DCS_P1,60,Predator
311,2021/07/14 08:55:39,20.42,YF,DC,S_DCS_P1,60,Predator
312,2021/07/14 09:55:39,21.32,YF,DC,S_DCS_P1,60,Predator
313,2021/07/14 10:55:39,23.51,YF,DC,S_DCS_P1,60,Predator
314,2021/07/14 11:55:39,24.88,YF,DC,S_DCS_P1,60,Predator
315,2021/07/14 12:55:39,26.04,YF,DC,S_DCS_P1,60,Predator
316,2021/07/14 13:55:39,29.30,YF,DC,S_DCS_P1,60,Predator
317,2021/07/14 14:55:39,28.87,YF,DC,S_DCS_P1,60,Predator
318,2021/07/14 15:55:39,29.64,YF,DC,S_DCS_P1,60,Predator
319,2021/07/14 16:55:39,29.08,YF,DC,S_DCS_P1,60,Predator
320,2021/07/14 17:55:39,28.10,YF,DC,S_DCS_P1,60,Predator
321,2021/07/14 18:55:39,25.74,YF,DC,S_DCS_P1,60,Predator
322,2021/07/14 19:55:39,23.85,YF,DC,S_DCS_P1,60,Predator
323,2021/07/14 20:55:39,20.33,YF,DC,S_DCS_P1,60,Predator
324,2021/07/14 21:55:39,19.35,YF,DC,S_DCS_P1,60,Predator
325,2021/07/14 22:55:39,19.35,YF,DC,S_DCS_P1,60,Predator
326,2021/07/14 23:55:39,18.66,YF,DC,S_DCS_P1,60,Predator
327,2021/07/15 00:55:39,18.27,YF,DC,S_DCS_P1,60,Predator
328,2021/07/15 01:55:39,17.84,YF,DC,S_DCS_P1,60,Predator
329,2021/07/15 02:55:39,17.89,YF,DC,S_DCS_P1,60,Predator
330,2021/07/15 03:55:39,17.50,YF,DC,S_DCS_P1,60,Predator
331,2021/07/15 04:55:39,17.11,YF,DC,S_DCS_P1,60,Predator
332,2021/07/15 05:55:39,18.40,YF,DC,S_DCS_P1,60,Predator
333,2021/07/15 06:55:39,18.96,YF,DC,S_DCS_P1,60,Predator
334,2021/07/15 07:55:39,24.15,YF,DC,S_DCS_P1,60,Predator
335,2021/07/15 08:55:39,26.68,YF,DC,S_DCS_P1,60,Predator
336,2021/07/15 09:55:39,29.30,YF,DC,S_DCS_P1,60,Predator
337,2021/07/15 10:55:39,30.11,YF,DC,S_DCS_P1,60,Predator
338,2021/07/15 11:55:39,32.34,YF,DC,S_DCS_P1,60,Predator
339,2021/07/15 12:55:39,33.85,YF,DC,S_DCS_P1,60,Predator
340,2021/07/15 13:55:39,33.20,YF,DC,S_DCS_P1,60,Predator
341,2021/07/15 14:55:39,33.50,YF,DC,S_DCS_P1,60,Predator
342,2021/07/15 15:55:39,32.82,YF,DC,S_DCS_P1,60,Predator
343,2021/07/15 16:55:39,31.79,YF,DC,S_DCS_P1,60,Predator
344,2021/07/15 17:55:39,28.40,YF,DC,S_DCS_P1,60,Predator
345,2021/07/15 18:55:39,26.12,YF,DC,S_DCS_P1,60,Predator
346,2021/07/15 19:55:39,24.28,YF,DC,S_DCS_P1,60,Predator
347,2021/07/15 20:55:39,21.66,YF,DC,S_DCS_P1,60,Predator
348,2021/07/15 21:55:39,20.68,YF,DC,S_DCS_P1,60,Predator
349,2021/07/15 22:55:39,20.37,YF,DC,S_DCS_P1,60,Predator
350,2021/07/15 23:55:39,20.20,YF,DC,S_DCS_P1,60,Predator
351,2021/07/16 00:55:39,19.77,YF,DC,S_DCS_P1,60,Predator
352,2021/07/16 01:55:39,19.69,YF,DC,S_DCS_P1,60,Predator
353,2021/07/16 02:55:39,20.37,YF,DC,S_DCS_P1,60,Predator
354,2021/07/16 03:55:39,20.46,YF,DC,S_DCS_P1,60,Predator
355,2021/07/16 04:55:39,20.63,YF,DC,S_DCS_P1,60,Predator
356,2021/07/16 05:55:39,21.06,YF,DC,S_DCS_P1,60,Predator
357,2021/07/16 06:55:39,21.66,YF,DC,S_DCS_P1,60,Predator
358,2021/07/16 07:55:39,23.94,YF,DC,S_DCS_P1,60,Predator
359,2021/07/16 08:55:39,26.68,YF,DC,S_DCS_P1,60,Predator
360,2021/07/16 09:55:39,29.86,YF,DC,S_DCS_P1,60,Predator
361,2021/07/16 10:55:39,31.92,YF,DC,S_DCS_P1,60,Predator
362,2021/07/16 11:55:39,33.03,YF,DC,S_DCS_P1,60,Predator
363,2021/07/16 12:55:39,34.36,YF,DC,S_DCS_P1,60,Predator
364,2021/07/16 13:55:39,35.05,YF,DC,S_DCS_P1,60,Predator
365,2021/07/16 14:55:39,31.01,YF,DC,S_DCS_P1,60,Predator
366,2021/07/16 15:55:39,33.29,YF,DC,S_DCS_P1,60,Predator
367,2021/07/16 16:55:39,28.14,YF,DC,S_DCS_P1,60,Predator
368,2021/07/16 17:55:39,21.62,YF,DC,S_DCS_P1,60,Predator
369,2021/07/16 18:55:39,23.42,YF,DC,S_DCS_P1,60,Predator
370,2021/07/16 19:55:39,22.56,YF,DC,S_DCS_P1,60,Predator
371,2021/07/16 20:55:39,21.02,YF,DC,S_DCS_P1,60,Predator
372,2021/07/16 21:55:39,20.37,YF,DC,S_DCS_P1,60,Predator
373,2021/07/16 22:55:39,20.25,YF,DC,S_DCS_P1,60,Predator
374,2021/07/16 23:55:39,20.25,YF,DC,S_DCS_P1,60,Predator
375,2021/07/17 00:55:39,20.20,YF,DC,S_DCS_P1,60,Predator
376,2021/07/17 01:55:39,20.59,YF,DC,S_DCS_P1,60,Predator
377,2021/07/17 02:55:39,20.03,YF,DC,S_DCS_P1,60,Predator
378,2021/07/17 03:55:39,20.55,YF,DC,S_DCS_P1,60,Predator
379,2021/07/17 04:55:39,20.68,YF,DC,S_DCS_P1,60,Predator
380,2021/07/17 05:55:39,20.29,YF,DC,S_DCS_P1,60,Predator
381,2021/07/17 06:55:39,20.59,YF,DC,S_DCS_P1,60,Predator
382,2021/07/17 07:55:39,21.88,YF,DC,S_DCS_P1,60,Predator
383,2021/07/17 08:55:39,21.49,YF,DC,S_DCS_P1,60,Predator
384,2021/07/17 09:55:39,25.27,YF,DC,S_DCS_P1,60,Predator
385,2021/07/17 10:55:39,27.93,YF,DC,S_DCS_P1,60,Predator
386,2021/07/17 11:55:39,30.89,YF,DC,S_DCS_P1,60,Predator
387,2021/07/17 12:55:39,31.57,YF,DC,S_DCS_P1,60,Predator
388,2021/07/17 13:55:39,33.03,YF,DC,S_DCS_P1,60,Predator
389,2021/07/17 14:55:39,32.30,YF,DC,S_DCS_P1,60,Predator
390,2021/07/17 15:55:39,23.16,YF,DC,S_DCS_P1,60,Predator
391,2021/07/17 16:55:39,21.45,YF,DC,S_DCS_P1,60,Predator
392,2021/07/17 17:55:39,20.16,YF,DC,S_DCS_P1,60,Predator
393,2021/07/17 18:55:39,20.63,YF,DC,S_DCS_P1,60,Predator
394,2021/07/17 19:55:39,20.42,YF,DC,S_DCS_P1,60,Predator
395,2021/07/17 20:55:39,20.59,YF,DC,S_DCS_P1,60,Predator
396,2021/07/17 21:55:39,21.02,YF,DC,S_DCS_P1,60,Predator
397,2021/07/17 22:55:39,20.63,YF,DC,S_DCS_P1,60,Predator
398,2021/07/17 23:55:39,19.99,YF,DC,S_DCS_P1,60,Predator
399,2021/07/18 00:55:39,19.65,YF,DC,S_DCS_P1,60,Predator
400,2021/07/18 01:55:39,19.30,YF,DC,S_DCS_P1,60,Predator
401,2021/07/18 02:55:39,18.87,YF,DC,S_DCS_P1,60,Predator
402,2021/07/18 03:55:39,19.00,YF,DC,S_DCS_P1,60,Predator
403,2021/07/18 04:55:39,18.83,YF,DC,S_DCS_P1,60,Predator
404,2021/07/18 05:55:39,18.87,YF,DC,S_DCS_P1,60,Predator
405,2021/07/18 06:55:39,19.35,YF,DC,S_DCS_P1,60,Predator
406,2021/07/18 07:55:39,20.85,YF,DC,S_DCS_P1,60,Predator
407,2021/07/18 08:55:39,22.61,YF,DC,S_DCS_P1,60,Predator
408,2021/07/18 09:55:39,22.65,YF,DC,S_DCS_P1,60,Predator
409,2021/07/18 10:55:39,25.18,YF,DC,S_DCS_P1,60,Predator
410,2021/07/18 11:55:39,25.48,YF,DC,S_DCS_P1,60,Predator
411,2021/07/18 12:55:39,25.61,YF,DC,S_DCS_P1,60,Predator
412,2021/07/18 13:55:39,29.08,YF,DC,S_DCS_P1,60,Predator
413,2021/07/18 14:55:39,26.64,YF,DC,S_DCS_P1,60,Predator
414,2021/07/18 15:55:39,29.34,YF,DC,S_DCS_P1,60,Predator
415,2021/07/18 16:55:39,25.39,YF,DC,S_DCS_P1,60,Predator
416,2021/07/18 17:55:39,22.73,YF,DC,S_DCS_P1,60,Predator
417,2021/07/18 18:55:39,21.49,YF,DC,S_DCS_P1,60,Predator
418,2021/07/18 19:55:39,20.55,YF,DC,S_DCS_P1,60,Predator
419,2021/07/18 20:55:39,20.03,YF,DC,S_DCS_P1,60,Predator
420,2021/07/18 21:55:39,19.90,YF,DC,S_DCS_P1,60,Predator
421,2021/07/18 22:55:39,19.60,YF,DC,S_DCS_P1,60,Predator
422,2021/07/18 23:55:39,19.30,YF,DC,S_DCS_P1,60,Predator
423,2021/07/19 00:55:39,19.09,YF,DC,S_DCS_P1,60,Predator
424,2021/07/19 01:55:39,18.92,YF,DC,S_DCS_P1,60,Predator
425,2021/07/19 02:55:39,18.74,YF,DC,S_DCS_P1,60,Predator
426,2021/07/19 03:55:39,18.49,YF,DC,S_DCS_P1,60,Predator
427,2021/07/19 04:55:39,18.36,YF,DC,S_DCS_P1,60,Predator
428,2021/07/19 05:55:39,18.27,YF,DC,S_DCS_P1,60,Predator
429,2021/07/19 06:55:39,18.66,YF,DC,S_DCS_P1,60,Predator
430,2021/07/19 07:55:39,19.05,YF,DC,S_DCS_P1,60,Predator
431,2021/07/19 08:55:39,19.52,YF,DC,S_DCS_P1,60,Predator
432,2021/07/19 09:55:39,20.37,YF,DC,S_DCS_P1,60,Predator
433,2021/07/19 10:55:39,20.85,YF,DC,S_DCS_P1,60,Predator
434,2021/07/19 11:55:39,21.15,YF,DC,S_DCS_P1,60,Predator
435,2021/07/19 12:55:39,21.92,YF,DC,S_DCS_P1,60,Predator
436,2021/07/19 13:55:39,22.56,YF,DC,S_DCS_P1,60,Predator
437,2021/07/19 14:55:39,23.76,YF,DC,S_DCS_P1,60,Predator
438,2021/07/19 15:55:39,25.39,YF,DC,S_DCS_P1,60,Predator
439,2021/07/19 16:55:39,26.68,YF,DC,S_DCS_P1,60,Predator
440,2021/07/19 17:55:39,22.99,YF,DC,S_DCS_P1,60,Predator
441,2021/07/19 18:55:39,22.05,YF,DC,S_DCS_P1,60,Predator
442,2021/07/19 19:55:39,20.89,YF,DC,S_DCS_P1,60,Predator
443,2021/07/19 20:55:39,18.74,YF,DC,S_DCS_P1,60,Predator
444,2021/07/19 21:55:39,17.29,YF,DC,S_DCS_P1,60,Predator
445,2021/07/19 22:55:39,16.81,YF,DC,S_DCS_P1,60,Predator
446,2021/07/19 23:55:39,16.69,YF,DC,S_DCS_P1,60,Predator
447,2021/07/20 00:55:39,16.90,YF,DC,S_DCS_P1,60,Predator
448,2021/07/20 01:55:39,17.11,YF,DC,S_DCS_P1,60,Predator
449,2021/07/20 02:55:39,16.69,YF,DC,S_DCS_P1,60,Predator
450,2021/07/20 03:55:39,16.21,YF,DC,S_DCS_P1,60,Predator
451,2021/07/20 04:55:39,16.08,YF,DC,S_DCS_P1,60,Predator
452,2021/07/20 05:55:39,16.30,YF,DC,S_DCS_P1,60,Predator
453,2021/07/20 06:55:39,18.02,YF,DC,S_DCS_P1,60,Predator
454,2021/07/20 07:55:39,21.28,YF,DC,S_DCS_P1,60,Predator
455,2021/07/20 08:55:39,25.05,YF,DC,S_DCS_P1,60,Predator
456,2021/07/20 09:55:39,27.11,YF,DC,S_DCS_P1,60,Predator
457,2021/07/20 10:55:39,27.54,YF,DC,S_DCS_P1,60,Predator
458,2021/07/20 11:55:39,29.77,YF,DC,S_DCS_P1,60,Predator
459,2021/07/20 12:55:39,32.22,YF,DC,S_DCS_P1,60,Predator
460,2021/07/20 13:55:39,32.39,YF,DC,S_DCS_P1,60,Predator
461,2021/07/20 14:55:39,33.55,YF,DC,S_DCS_P1,60,Predator
462,2021/07/20 15:55:39,31.10,YF,DC,S_DCS_P1,60,Predator
463,2021/07/20 16:55:39,31.01,YF,DC,S_DCS_P1,60,Predator
464,2021/07/20 17:55:39,27.63,YF,DC,S_DCS_P1,60,Predator
465,2021/07/20 18:55:39,25.65,YF,DC,S_DCS_P1,60,Predator
466,2021/07/20 19:55:39,22.91,YF,DC,S_DCS_P1,60,Predator
467,2021/07/20 20:55:39,20.63,YF,DC,S_DCS_P1,60,Predator
468,2021/07/20 21:55:39,19.95,YF,DC,S_DCS_P1,60,Predator
469,2021/07/20 22:55:39,19.43,YF,DC,S_DCS_P1,60,Predator
470,2021/07/20 23:55:39,19.43,YF,DC,S_DCS_P1,60,Predator
471,2021/07/21 00:55:39,19.52,YF,DC,S_DCS_P1,60,Predator
472,2021/07/21 01:55:39,17.97,YF,DC,S_DCS_P1,60,Predator
473,2021/07/21 02:55:39,16.56,YF,DC,S_DCS_P1,60,Predator
474,2021/07/21 03:55:39,16.00,YF,DC,S_DCS_P1,60,Predator
475,2021/07/21 04:55:39,15.70,YF,DC,S_DCS_P1,60,Predator
476,2021/07/21 05:55:39,15.91,YF,DC,S_DCS_P1,60,Predator
477,2021/07/21 06:55:39,17.11,YF,DC,S_DCS_P1,60,Predator
478,2021/07/21 07:55:39,21.02,YF,DC,S_DCS_P1,60,Predator
479,2021/07/21 08:55:39,23.34,YF,DC,S_DCS_P1,60,Predator
480,2021/07/21 09:55:39,27.07,YF,DC,S_DCS_P1,60,Predator
481,2021/07/21 10:55:39,28.14,YF,DC,S_DCS_P1,60,Predator
482,2021/07/21 11:55:39,28.31,YF,DC,S_DCS_P1,60,Predator
483,2021/07/21 12:55:39,28.40,YF,DC,S_DCS_P1,60,Predator
484,2021/07/21 13:55:39,30.80,YF,DC,S_DCS_P1,60,Predator
485,2021/07/21 14:55:39,25.91,YF,DC,S_DCS_P1,60,Predator
486,2021/07/21 15:55:39,27.58,YF,DC,S_DCS_P1,60,Predator
487,2021/07/21 16:55:39,28.53,YF,DC,S_DCS_P1,60,Predator
488,2021/07/21 17:55:39,25.18,YF,DC,S_DCS_P1,60,Predator
489,2021/07/21 18:55:39,22.99,YF,DC,S_DCS_P1,60,Predator
490,2021/07/21 19:55:39,20.89,YF,DC,S_DCS_P1,60,Predator
491,2021/07/21 20:55:39,19.82,YF,DC,S_DCS_P1,60,Predator
492,2021/07/21 21:55:39,18.27,YF,DC,S_DCS_P1,60,Predator
493,2021/07/21 22:55:39,17.59,YF,DC,S_DCS_P1,60,Predator
494,2021/07/21 23:55:39,15.10,YF,DC,S_DCS_P1,60,Predator
495,2021/07/22 00:55:39,14.15,YF,DC,S_DCS_P1,60,Predator
496,2021/07/22 01:55:39,14.07,YF,DC,S_DCS_P1,60,Predator
497,2021/07/22 02:55:39,13.94,YF,DC,S_DCS_P1,60,Predator
498,2021/07/22 03:55:39,13.04,YF,DC,S_DCS_P1,60,Predator
499,2021/07/22 04:55:39,12.35,YF,DC,S_DCS_P1,60,Predator
500,2021/07/22 05:55:39,12.27,YF,DC,S_DCS_P1,60,Predator
501,2021/07/22 06:55:39,14.45,YF,DC,S_DCS_P1,60,Predator
502,2021/07/22 07:55:39,19.52,YF,DC,S_DCS_P1,60,Predator
503,2021/07/22 08:55:39,21.96,YF,DC,S_DCS_P1,60,Predator
504,2021/07/22 09:55:39,24.32,YF,DC,S_DCS_P1,60,Predator
505,2021/07/22 10:55:39,26.08,YF,DC,S_DCS_P1,60,Predator
506,2021/07/22 11:55:39,27.63,YF,DC,S_DCS_P1,60,Predator
507,2021/07/22 12:55:39,30.20,YF,DC,S_DCS_P1,60,Predator
508,2021/07/22 13:55:39,29.17,YF,DC,S_DCS_P1,60,Predator
509,2021/07/22 14:55:39,26.47,YF,DC,S_DCS_P1,60,Predator
510,2021/07/22 15:55:39,27.93,YF,DC,S_DCS_P1,60,Predator
511,2021/07/22 16:55:39,26.55,YF,DC,S_DCS_P1,60,Predator
512,2021/07/22 17:55:39,25.48,YF,DC,S_DCS_P1,60,Predator
513,2021/07/22 18:55:39,21.92,YF,DC,S_DCS_P1,60,Predator
514,2021/07/22 19:55:39,19.39,YF,DC,S_DCS_P1,60,Predator
515,2021/07/22 20:55:39,16.77,YF,DC,S_DCS_P1,60,Predator
516,2021/07/22 21:55:39,16.77,YF,DC,S_DCS_P1,60,Predator
517,2021/07/22 22:55:39,16.39,YF,DC,S_DCS_P1,60,Predator
518,2021/07/22 23:55:39,16.00,YF,DC,S_DCS_P1,60,Predator
519,2021/07/23 00:55:39,14.67,YF,DC,S_DCS_P1,60,Predator
520,2021/07/23 01:55:39,15.06,YF,DC,S_DCS_P1,60,Predator
521,2021/07/23 02:55:39,15.74,YF,DC,S_DCS_P1,60,Predator
522,2021/07/23 03:55:39,15.57,YF,DC,S_DCS_P1,60,Predator
523,2021/07/23 04:55:39,14.71,YF,DC,S_DCS_P1,60,Predator
524,2021/07/23 05:55:39,15.23,YF,DC,S_DCS_P1,60,Predator
525,2021/07/23 06:55:39,15.48,YF,DC,S_DCS_P1,60,Predator
526,2021/07/23 07:55:39,20.68,YF,DC,S_DCS_P1,60,Predator
527,2021/07/23 08:55:39,24.41,YF,DC,S_DCS_P1,60,Predator
528,2021/07/23 09:55:39,25.91,YF,DC,S_DCS_P1,60,Predator
529,2021/07/23 10:55:39,27.71,YF,DC,S_DCS_P1,60,Predator
530,2021/07/23 11:55:39,29.04,YF,DC,S_DCS_P1,60,Predator
531,2021/07/23 12:55:39,29.30,YF,DC,S_DCS_P1,60,Predator
532,2021/07/23 13:55:39,30.67,YF,DC,S_DCS_P1,60,Predator
533,2021/07/23 14:55:39,32.26,YF,DC,S_DCS_P1,60,Predator
534,2021/07/23 15:55:39,30.93,YF,DC,S_DCS_P1,60,Predator
535,2021/07/23 16:55:39,26.47,YF,DC,S_DCS_P1,60,Predator
536,2021/07/23 17:55:39,22.39,YF,DC,S_DCS_P1,60,Predator
537,2021/07/23 18:55:39,20.89,YF,DC,S_DCS_P1,60,Predator
538,2021/07/23 19:55:39,18.10,YF,DC,S_DCS_P1,60,Predator
539,2021/07/23 20:55:39,15.87,YF,DC,S_DCS_P1,60,Predator
540,2021/07/23 21:55:39,15.40,YF,DC,S_DCS_P1,60,Predator
541,2021/07/23 22:55:39,14.33,YF,DC,S_DCS_P1,60,Predator
542,2021/07/23 23:55:39,13.55,YF,DC,S_DCS_P1,60,Predator
543,2021/07/24 00:55:39,13.98,YF,DC,S_DCS_P1,60,Predator
544,2021/07/24 01:55:39,15.31,YF,DC,S_DCS_P1,60,Predator
545,2021/07/24 02:55:39,13.81,YF,DC,S_DCS_P1,60,Predator
546,2021/07/24 03:55:39,13.21,YF,DC,S_DCS_P1,60,Predator
547,2021/07/24 04:55:39,12.61,YF,DC,S_DCS_P1,60,Predator
548,2021/07/24 05:55:39,14.45,YF,DC,S_DCS_P1,60,Predator
549,2021/07/24 06:55:39,16.34,YF,DC,S_DCS_P1,60,Predator
550,2021/07/24 07:55:39,20.59,YF,DC,S_DCS_P1,60,Predator
551,2021/07/24 08:55:39,23.94,YF,DC,S_DCS_P1,60,Predator
552,2021/07/24 09:55:39,25.99,YF,DC,S_DCS_P1,60,Predator
553,2021/07/24 10:55:39,26.25,YF,DC,S_DCS_P1,60,Predator
554,2021/07/24 11:55:39,29.77,YF,DC,S_DCS_P1,60,Predator
555,2021/07/24 12:55:39,29.60,YF,DC,S_DCS_P1,60,Predator
556,2021/07/24 13:55:39,33.33,YF,DC,S_DCS_P1,60,Predator
557,2021/07/24 14:55:39,27.37,YF,DC,S_DCS_P1,60,Predator
558,2021/07/24 15:55:39,28.05,YF,DC,S_DCS_P1,60,Predator
559,2021/07/24 16:55:39,30.11,YF,DC,S_DCS_P1,60,Predator
560,2021/07/24 17:55:39,24.58,YF,DC,S_DCS_P1,60,Predator
561,2021/07/24 18:55:39,21.83,YF,DC,S_DCS_P1,60,Predator
562,2021/07/24 19:55:39,18.92,YF,DC,S_DCS_P1,60,Predator
563,2021/07/24 20:55:39,16.86,YF,DC,S_DCS_P1,60,Predator
564,2021/07/24 21:55:39,16.69,YF,DC,S_DCS_P1,60,Predator
565,2021/07/24 22:55:39,16.00,YF,DC,S_DCS_P1,60,Predator
566,2021/07/24 23:55:39,15.61,YF,DC,S_DCS_P1,60,Predator
567,2021/07/25 00:55:39,15.01,YF,DC,S_DCS_P1,60,Predator
568,2021/07/25 01:55:39,15.83,YF,DC,S_DCS_P1,60,Predator
569,2021/07/25 02:55:39,15.87,YF,DC,S_DCS_P1,60,Predator
570,2021/07/25 03:55:39,16.21,YF,DC,S_DCS_P1,60,Predator
571,2021/07/25 04:55:39,16.69,YF,DC,S_DCS_P1,60,Predator
572,2021/07/25 05:55:39,17.16,YF,DC,S_DCS_P1,60,Predator
573,2021/07/25 06:55:39,17.29,YF,DC,S_DCS_P1,60,Predator
574,2021/07/25 07:55:39,17.97,YF,DC,S_DCS_P1,60,Predator
575,2021/07/25 08:55:39,17.84,YF,DC,S_DCS_P1,60,Predator
576,2021/07/25 09:55:39,18.44,YF,DC,S_DCS_P1,60,Predator
577,2021/07/25 10:55:39,18.74,YF,DC,S_DCS_P1,60,Predator
578,2021/07/25 11:55:39,18.49,YF,DC,S_DCS_P1,60,Predator
579,2021/07/25 12:55:39,19.17,YF,DC,S_DCS_P1,60,Predator
580,2021/07/25 13:55:39,19.73,YF,DC,S_DCS_P1,60,Predator
581,2021/07/25 14:55:39,20.63,YF,DC,S_DCS_P1,60,Predator
582,2021/07/25 15:55:39,21.15,YF,DC,S_DCS_P1,60,Predator
583,2021/07/25 16:55:39,22.31,YF,DC,S_DCS_P1,60,Predator
584,2021/07/25 17:55:39,22.43,YF,DC,S_DCS_P1,60,Predator
585,2021/07/25 18:55:39,22.73,YF,DC,S_DCS_P1,60,Predator
586,2021/07/25 19:55:39,20.72,YF,DC,S_DCS_P1,60,Predator
587,2021/07/25 20:55:39,20.42,YF,DC,S_DCS_P1,60,Predator
588,2021/07/25 21:55:39,20.25,YF,DC,S_DCS_P1,60,Predator
589,2021/07/25 22:55:39,19.56,YF,DC,S_DCS_P1,60,Predator
590,2021/07/25 23:55:39,19.95,YF,DC,S_DCS_P1,60,Predator
591,2021/07/26 00:55:39,19.43,YF,DC,S_DCS_P1,60,Predator
592,2021/07/26 01:55:39,19.26,YF,DC,S_DCS_P1,60,Predator
593,2021/07/26 02:55:39,19.73,YF,DC,S_DCS_P1,60,Predator
594,2021/07/26 03:55:39,18.10,YF,DC,S_DCS_P1,60,Predator
595,2021/07/26 04:55:39,16.51,YF,DC,S_DCS_P1,60,Predator
596,2021/07/26 05:55:39,16.34,YF,DC,S_DCS_P1,60,Predator
597,2021/07/26 06:55:39,17.72,YF,DC,S_DCS_P1,60,Predator
598,2021/07/26 07:55:39,21.49,YF,DC,S_DCS_P1,60,Predator
599,2021/07/26 08:55:39,25.78,YF,DC,S_DCS_P1,60,Predator
600,2021/07/26 09:55:39,28.65,YF,DC,S_DCS_P1,60,Predator
601,2021/07/26 10:55:39,31.14,YF,DC,S_DCS_P1,60,Predator
602,2021/07/26 11:55:39,32.94,YF,DC,S_DCS_P1,60,Predator
603,2021/07/26 12:55:39,33.37,YF,DC,S_DCS_P1,60,Predator
604,2021/07/26 13:55:39,34.70,YF,DC,S_DCS_P1,60,Predator
605,2021/07/26 14:55:39,34.79,YF,DC,S_DCS_P1,60,Predator
606,2021/07/26 15:55:39,32.69,YF,DC,S_DCS_P1,60,Predator
607,2021/07/26 16:55:39,32.34,YF,DC,S_DCS_P1,60,Predator
608,2021/07/26 17:55:39,27.88,YF,DC,S_DCS_P1,60,Predator
609,2021/07/26 18:55:39,24.75,YF,DC,S_DCS_P1,60,Predator
610,2021/07/26 19:55:39,20.76,YF,DC,S_DCS_P1,60,Predator
611,2021/07/26 20:55:39,18.70,YF,DC,S_DCS_P1,60,Predator
612,2021/07/26 21:55:39,17.89,YF,DC,S_DCS_P1,60,Predator
613,2021/07/26 22:55:39,17.50,YF,DC,S_DCS_P1,60,Predator
614,2021/07/26 23:55:39,16.64,YF,DC,S_DCS_P1,60,Predator
615,2021/07/27 00:55:39,15.87,YF,DC,S_DCS_P1,60,Predator
616,2021/07/27 01:55:39,15.78,YF,DC,S_DCS_P1,60,Predator
617,2021/07/27 02:55:39,15.36,YF,DC,S_DCS_P1,60,Predator
618,2021/07/27 03:55:39,15.27,YF,DC,S_DCS_P1,60,Predator
619,2021/07/27 04:55:39,14.28,YF,DC,S_DCS_P1,60,Predator
620,2021/07/27 05:55:39,14.20,YF,DC,S_DCS_P1,60,Predator
621,2021/07/27 06:55:39,16.34,YF,DC,S_DCS_P1,60,Predator
622,2021/07/27 07:55:39,20.59,YF,DC,S_DCS_P1,60,Predator
623,2021/07/27 08:55:39,27.58,YF,DC,S_DCS_P1,60,Predator
624,2021/07/27 09:55:39,30.63,YF,DC,S_DCS_P1,60,Predator
625,2021/07/27 10:55:39,32.22,YF,DC,S_DCS_P1,60,Predator
626,2021/07/27 11:55:39,33.50,YF,DC,S_DCS_P1,60,Predator
627,2021/07/27 12:55:39,34.32,YF,DC,S_DCS_P1,60,Predator
628,2021/07/27 13:55:39,35.52,YF,DC,S_DCS_P1,60,Predator
629,2021/07/27 14:55:39,36.16,YF,DC,S_DCS_P1,60,Predator
630,2021/07/27 15:55:39,32.30,YF,DC,S_DCS_P1,60,Predator
631,2021/07/27 16:55:39,30.46,YF,DC,S_DCS_P1,60,Predator
632,2021/07/27 17:55:39,27.71,YF,DC,S_DCS_P1,60,Predator
633,2021/07/27 18:55:39,24.84,YF,DC,S_DCS_P1,60,Predator
634,2021/07/27 19:55:39,17.76,YF,DC,S_DCS_P1,60,Predator
635,2021/07/27 20:55:39,17.63,YF,DC,S_DCS_P1,60,Predator
636,2021/07/27 21:55:39,17.37,YF,DC,S_DCS_P1,60,Predator
637,2021/07/27 22:55:39,17.03,YF,DC,S_DCS_P1,60,Predator
638,2021/07/27 23:55:39,17.07,YF,DC,S_DCS_P1,60,Predator
639,2021/07/28 00:55:39,17.16,YF,DC,S_DCS_P1,60,Predator
640,2021/07/28 01:55:39,17.29,YF,DC,S_DCS_P1,60,Predator
641,2021/07/28 02:55:39,17.24,YF,DC,S_DCS_P1,60,Predator
642,2021/07/28 03:55:39,17.24,YF,DC,S_DCS_P1,60,Predator
643,2021/07/28 04:55:39,17.03,YF,DC,S_DCS_P1,60,Predator
644,2021/07/28 05:55:39,17.46,YF,DC,S_DCS_P1,60,Predator
645,2021/07/28 06:55:39,17.76,YF,DC,S_DCS_P1,60,Predator
646,2021/07/28 07:55:39,19.05,YF,DC,S_DCS_P1,60,Predator
647,2021/07/28 08:55:39,19.00,YF,DC,S_DCS_P1,60,Predator
648,2021/07/28 09:55:39,19.52,YF,DC,S_DCS_P1,60,Predator
649,2021/07/28 10:55:39,19.35,YF,DC,S_DCS_P1,60,Predator
650,2021/07/28 11:55:39,22.05,YF,DC,S_DCS_P1,60,Predator
651,2021/07/28 12:55:39,24.36,YF,DC,S_DCS_P1,60,Predator
652,2021/07/28 13:55:39,27.67,YF,DC,S_DCS_P1,60,Predator
653,2021/07/28 14:55:39,29.56,YF,DC,S_DCS_P1,60,Predator
654,2021/07/28 15:55:39,25.09,YF,DC,S_DCS_P1,60,Predator
655,2021/07/28 16:55:39,25.27,YF,DC,S_DCS_P1,60,Predator
656,2021/07/28 17:55:39,22.26,YF,DC,S_DCS_P1,60,Predator
657,2021/07/28 18:55:39,19.86,YF,DC,S_DCS_P1,60,Predator
658,2021/07/28 19:55:39,17.24,YF,DC,S_DCS_P1,60,Predator
659,2021/07/28 20:55:39,15.74,YF,DC,S_DCS_P1,60,Predator
660,2021/07/28 21:55:39,15.23,YF,DC,S_DCS_P1,60,Predator
661,2021/07/28 22:55:39,14.88,YF,DC,S_DCS_P1,60,Predator
662,2021/07/28 23:55:39,15.36,YF,DC,S_DCS_P1,60,Predator
663,2021/07/29 00:55:39,16.21,YF,DC,S_DCS_P1,60,Predator
664,2021/07/29 01:55:39,16.69,YF,DC,S_DCS_P1,60,Predator
665,2021/07/29 02:55:39,16.94,YF,DC,S_DCS_P1,60,Predator
666,2021/07/29 03:55:39,16.90,YF,DC,S_DCS_P1,60,Predator
667,2021/07/29 04:55:39,16.77,YF,DC,S_DCS_P1,60,Predator
668,2021/07/29 05:55:39,17.20,YF,DC,S_DCS_P1,60,Predator
669,2021/07/29 06:55:39,17.67,YF,DC,S_DCS_P1,60,Predator
670,2021/07/29 07:55:39,18.92,YF,DC,S_DCS_P1,60,Predator
671,2021/07/29 08:55:39,21.15,YF,DC,S_DCS_P1,60,Predator
672,2021/07/29 09:55:39,23.25,YF,DC,S_DCS_P1,60,Predator
673,2021/07/29 10:55:39,24.88,YF,DC,S_DCS_P1,60,Predator
674,2021/07/29 11:55:39,23.55,YF,DC,S_DCS_P1,60,Predator
675,2021/07/29 12:55:39,22.18,YF,DC,S_DCS_P1,60,Predator
676,2021/07/29 13:55:39,21.23,YF,DC,S_DCS_P1,60,Predator
677,2021/07/29 14:55:39,21.79,YF,DC,S_DCS_P1,60,Predator
678,2021/07/29 15:55:39,20.85,YF,DC,S_DCS_P1,60,Predator
679,2021/07/29 16:55:39,20.29,YF,DC,S_DCS_P1,60,Predator
680,2021/07/29 17:55:39,19.43,YF,DC,S_DCS_P1,60,Predator
681,2021/07/29 18:55:39,19.56,YF,DC,S_DCS_P1,60,Predator
682,2021/07/29 19:55:39,19.26,YF,DC,S_DCS_P1,60,Predator
683,2021/07/29 20:55:39,18.83,YF,DC,S_DCS_P1,60,Predator
684,2021/07/29 21:55:39,18.57,YF,DC,S_DCS_P1,60,Predator
685,2021/07/29 22:55:39,19.05,YF,DC,S_DCS_P1,60,Predator
686,2021/07/29 23:55:39,19.17,YF,DC,S_DCS_P1,60,Predator
687,2021/07/30 00:55:39,19.60,YF,DC,S_DCS_P1,60,Predator
688,2021/07/30 01:55:39,19.56,YF,DC,S_DCS_P1,60,Predator
689,2021/07/30 02:55:39,18.79,YF,DC,S_DCS_P1,60,Predator
690,2021/07/30 03:55:39,16.90,YF,DC,S_DCS_P1,60,Predator
691,2021/07/30 04:55:39,15.87,YF,DC,S_DCS_P1,60,Predator
692,2021/07/30 05:55:39,15.48,YF,DC,S_DCS_P1,60,Predator
693,2021/07/30 06:55:39,15.87,YF,DC,S_DCS_P1,60,Predator
694,2021/07/30 07:55:39,19.22,YF,DC,S_DCS_P1,60,Predator
695,2021/07/30 08:55:39,22.26,YF,DC,S_DCS_P1,60,Predator
696,2021/07/30 09:55:39,25.52,YF,DC,S_DCS_P1,60,Predator
697,2021/07/30 10:55:39,24.62,YF,DC,S_DCS_P1,60,Predator
698,2021/07/30 11:55:39,26.85,YF,DC,S_DCS_P1,60,Predator
699,2021/07/30 12:55:39,29.34,YF,DC,S_DCS_P1,60,Predator
700,2021/07/30 13:55:39,27.02,YF,DC,S_DCS_P1,60,Predator
701,2021/07/30 14:55:39,32.17,YF,DC,S_DCS_P1,60,Predator
702,2021/07/30 15:55:39,29.08,YF,DC,S_DCS_P1,60,Predator
703,2021/07/30 16:55:39,28.14,YF,DC,S_DCS_P1,60,Predator
704,2021/07/30 17:55:39,22.99,YF,DC,S_DCS_P1,60,Predator
705,2021/07/30 18:55:39,18.87,YF,DC,S_DCS_P1,60,Predator
706,2021/07/30 19:55:39,16.90,YF,DC,S_DCS_P1,60,Predator
707,2021/07/30 20:55:39,14.67,YF,DC,S_DCS_P1,60,Predator
708,2021/07/30 21:55:39,12.91,YF,DC,S_DCS_P1,60,Predator
709,2021/07/30 22:55:39,11.71,YF,DC,S_DCS_P1,60,Predator
710,2021/07/30 23:55:39,10.21,YF,DC,S_DCS_P1,60,Predator
711,2021/07/31 00:55:39,9.65,YF,DC,S_DCS_P1,60,Predator
712,2021/07/31 01:55:39,8.83,YF,DC,S_DCS_P1,60,Predator
713,2021/07/31 02:55:39,8.23,YF,DC,S_DCS_P1,60,Predator
714,2021/07/31 03:55:39,7.50,YF,DC,S_DCS_P1,60,Predator
715,2021/07/31 04:55:39,7.81,YF,DC,S_DCS_P1,60,Predator
716,2021/07/31 05:55:39,7.63,YF,DC,S_DCS_P1,60,Predator
717,2021/07/31 06:55:39,9.22,YF,DC,S_DCS_P1,60,Predator
718,2021/07/31 07:55:39,12.74,YF,DC,S_DCS_P1,60,Predator
719,2021/07/31 08:55:39,18.92,YF,DC,S_DCS_P1,60,Predator
720,2021/07/31 09:55:39,21.79,YF,DC,S_DCS_P1,60,Predator
721,2021/07/31 10:55:39,23.29,YF,DC,S_DCS_P1,60,Predator
722,2021/07/31 11:55:39,25.31,YF,DC,S_DCS_P1,60,Predator
723,2021/07/31 12:55:39,25.69,YF,DC,S_DCS_P1,60,Predator
724,2021/07/31 13:55:39,27.28,YF,DC,S_DCS_P1,60,Predator
725,2021/07/31 14:55:39,30.20,YF,DC,S_DCS_P1,60,Predator
726,2021/07/31 15:55:39,26.21,YF,DC,S_DCS_P1,60,Predator
727,2021/07/31 16:55:39,25.35,YF,DC,S_DCS_P1,60,Predator
728,2021/07/31 17:55:39,21.28,YF,DC,S_DCS_P1,60,Predator
729,2021/07/31 18:55:39,17.89,YF,DC,S_DCS_P1,60,Predator
730,2021/07/31 19:55:39,14.58,YF,DC,S_DCS_P1,60,Predator
731,2021/07/31 20:55:39,12.35,YF,DC,S_DCS_P1,60,Predator
732,2021/07/31 21:55:39,11.49,YF,DC,S_DCS_P1,60,Predator
733,2021/07/31 22:55:39,11.02,YF,DC,S_DCS_P1,60,Predator
734,2021/07/31 23:55:39,11.24,YF,DC,S_DCS_P1,60,Predator
735,2021/08/01 00:55:39,10.77,YF,DC,S_DCS_P1,60,Predator
736,2021/08/01 01:55:39,10.98,YF,DC,S_DCS_P1,60,Predator
737,2021/08/01 02:55:39,11.24,YF,DC,S_DCS_P1,60,Predator
738,2021/08/01 03:55:39,10.68,YF,DC,S_DCS_P1,60,Predator
739,2021/08/01 04:55:39,10.25,YF,DC,S_DCS_P1,60,Predator
740,2021/08/01 05:55:39,10.12,YF,DC,S_DCS_P1,60,Predator
741,2021/08/01 06:55:39,12.05,YF,DC,S_DCS_P1,60,Predator
742,2021/08/01 07:55:39,15.48,YF,DC,S_DCS_P1,60,Predator
743,2021/08/01 08:55:39,21.62,YF,DC,S_DCS_P1,60,Predator
744,2021/08/01 09:55:39,23.25,YF,DC,S_DCS_P1,60,Predator
745,2021/08/01 10:55:39,25.05,YF,DC,S_DCS_P1,60,Predator
746,2021/08/01 11:55:39,27.54,YF,DC,S_DCS_P1,60,Predator
747,2021/08/01 12:55:39,25.52,YF,DC,S_DCS_P1,60,Predator
748,2021/08/01 13:55:39,27.63,YF,DC,S_DCS_P1,60,Predator
749,2021/08/01 14:55:39,27.50,YF,DC,S_DCS_P1,60,Predator
750,2021/08/01 15:55:39,24.62,YF,DC,S_DCS_P1,60,Predator
751,2021/08/01 16:55:39,23.25,YF,DC,S_DCS_P1,60,Predator
752,2021/08/01 17:55:39,22.95,YF,DC,S_DCS_P1,60,Predator
753,2021/08/01 18:55:39,18.70,YF,DC,S_DCS_P1,60,Predator
754,2021/08/01 19:55:39,17.24,YF,DC,S_DCS_P1,60,Predator
755,2021/08/01 20:55:39,16.34,YF,DC,S_DCS_P1,60,Predator
756,2021/08/01 21:55:39,16.26,YF,DC,S_DCS_P1,60,Predator
757,2021/08/01 22:55:39,16.21,YF,DC,S_DCS_P1,60,Predator
758,2021/08/01 23:55:39,15.87,YF,DC,S_DCS_P1,60,Predator
759,2021/08/02 00:55:39,14.50,YF,DC,S_DCS_P1,60,Predator
760,2021/08/02 01:55:39,14.45,YF,DC,S_DCS_P1,60,Predator
761,2021/08/02 02:55:39,15.23,YF,DC,S_DCS_P1,60,Predator
762,2021/08/02 03:55:39,15.57,YF,DC,S_DCS_P1,60,Predator
763,2021/08/02 04:55:39,15.40,YF,DC,S_DCS_P1,60,Predator
764,2021/08/02 05:55:39,14.11,YF,DC,S_DCS_P1,60,Predator
765,2021/08/02 06:55:39,14.11,YF,DC,S_DCS_P1,60,Predator
766,2021/08/02 07:55:39,17.11,YF,DC,S_DCS_P1,60,Predator
767,2021/08/02 08:55:39,22.35,YF,DC,S_DCS_P1,60,Predator
768,2021/08/02 09:55:39,24.66,YF,DC,S_DCS_P1,60,Predator
769,2021/08/02 10:55:39,26.21,YF,DC,S_DCS_P1,60,Predator
770,2021/08/02 11:55:39,26.51,YF,DC,S_DCS_P1,60,Predator
771,2021/08/02 12:55:39,27.80,YF,DC,S_DCS_P1,60,Predator
772,2021/08/02 13:55:39,28.40,YF,DC,S_DCS_P1,60,Predator
773,2021/08/02 14:55:39,31.74,YF,DC,S_DCS_P1,60,Predator
774,2021/08/02 15:55:39,26.64,YF,DC,S_DCS_P1,60,Predator
775,2021/08/02 16:55:39,26.72,YF,DC,S_DCS_P1,60,Predator
776,2021/08/02 17:55:39,23.25,YF,DC,S_DCS_P1,60,Predator
777,2021/08/02 18:55:39,19.65,YF,DC,S_DCS_P1,60,Predator
778,2021/08/02 19:55:39,16.47,YF,DC,S_DCS_P1,60,Predator
779,2021/08/02 20:55:39,14.97,YF,DC,S_DCS_P1,60,Predator
780,2021/08/02 21:55:39,13.98,YF,DC,S_DCS_P1,60,Predator
781,2021/08/02 22:55:39,13.12,YF,DC,S_DCS_P1,60,Predator
782,2021/08/02 23:55:39,12.61,YF,DC,S_DCS_P1,60,Predator
783,2021/08/03 00:55:39,12.27,YF,DC,S_DCS_P1,60,Predator
784,2021/08/03 01:55:39,12.31,YF,DC,S_DCS_P1,60,Predator
785,2021/08/03 02:55:39,11.62,YF,DC,S_DCS_P1,60,Predator
786,2021/08/03 03:55:39,11.58,YF,DC,S_DCS_P1,60,Predator
787,2021/08/03 04:55:39,12.44,YF,DC,S_DCS_P1,60,Predator
788,2021/08/03 05:55:39,13.21,YF,DC,S_DCS_P1,60,Predator
789,2021/08/03 06:55:39,14.71,YF,DC,S_DCS_P1,60,Predator
790,2021/08/03 07:55:39,17.67,YF,DC,S_DCS_P1,60,Predator
791,2021/08/03 08:55:39,21.88,YF,DC,S_DCS_P1,60,Predator
792,2021/08/03 09:55:39,23.94,YF,DC,S_DCS_P1,60,Predator
793,2021/08/03 10:55:39,26.12,YF,DC,S_DCS_P1,60,Predator
794,2021/08/03 11:55:39,25.87,YF,DC,S_DCS_P1,60,Predator
795,2021/08/03 12:55:39,25.87,YF,DC,S_DCS_P1,60,Predator
796,2021/08/03 13:55:39,27.07,YF,DC,S_DCS_P1,60,Predator
797,2021/08/03 14:55:39,25.69,YF,DC,S_DCS_P1,60,Predator
798,2021/08/03 15:55:39,26.25,YF,DC,S_DCS_P1,60,Predator
799,2021/08/03 16:55:39,25.01,YF,DC,S_DCS_P1,60,Predator
800,2021/08/03 17:55:39,23.94,YF,DC,S_DCS_P1,60,Predator
801,2021/08/03 18:55:39,20.85,YF,DC,S_DCS_P1,60,Predator
802,2021/08/03 19:55:39,16.60,YF,DC,S_DCS_P1,60,Predator
803,2021/08/03 20:55:39,15.06,YF,DC,S_DCS_P1,60,Predator
804,2021/08/03 21:55:39,14.75,YF,DC,S_DCS_P1,60,Predator
805,2021/08/03 22:55:39,14.54,YF,DC,S_DCS_P1,60,Predator
806,2021/08/03 23:55:39,14.07,YF,DC,S_DCS_P1,60,Predator
807,2021/08/04 00:55:39,13.64,YF,DC,S_DCS_P1,60,Predator
808,2021/08/04 01:55:39,13.43,YF,DC,S_DCS_P1,60,Predator
809,2021/08/04 02:55:39,12.95,YF,DC,S_DCS_P1,60,Predator
810,2021/08/04 03:55:39,13.00,YF,DC,S_DCS_P1,60,Predator
811,2021/08/04 04:55:39,12.87,YF,DC,S_DCS_P1,60,Predator
812,2021/08/04 05:55:39,13.47,YF,DC,S_DCS_P1,60,Predator
813,2021/08/04 06:55:39,14.50,YF,DC,S_DCS_P1,60,Predator
814,2021/08/04 07:55:39,17.93,YF,DC,S_DCS_P1,60,Predator
815,2021/08/04 08:55:39,24.66,YF,DC,S_DCS_P1,60,Predator
816,2021/08/04 09:55:39,23.46,YF,DC,S_DCS_P1,60,Predator
817,2021/08/04 10:55:39,24.71,YF,DC,S_DCS_P1,60,Predator
818,2021/08/04 11:55:39,25.01,YF,DC,S_DCS_P1,60,Predator
819,2021/08/04 12:55:39,24.62,YF,DC,S_DCS_P1,60,Predator
820,2021/08/04 13:55:39,23.68,YF,DC,S_DCS_P1,60,Predator
821,2021/08/04 14:55:39,23.72,YF,DC,S_DCS_P1,60,Predator
822,2021/08/04 15:55:39,22.82,YF,DC,S_DCS_P1,60,Predator
823,2021/08/04 16:55:39,22.65,YF,DC,S_DCS_P1,60,Predator
824,2021/08/04 17:55:39,20.29,YF,DC,S_DCS_P1,60,Predator
825,2021/08/04 18:55:39,18.74,YF,DC,S_DCS_P1,60,Predator
826,2021/08/04 19:55:39,18.49,YF,DC,S_DCS_P1,60,Predator
827,2021/08/04 20:55:39,17.84,YF,DC,S_DCS_P1,60,Predator
828,2021/08/04 21:55:39,17.46,YF,DC,S_DCS_P1,60,Predator
829,2021/08/04 22:55:39,16.94,YF,DC,S_DCS_P1,60,Predator
830,2021/08/04 23:55:39,16.64,YF,DC,S_DCS_P1,60,Predator
831,2021/08/05 00:55:39,16.30,YF,DC,S_DCS_P1,60,Predator
832,2021/08/05 01:55:39,16.21,YF,DC,S_DCS_P1,60,Predator
833,2021/08/05 02:55:39,16.13,YF,DC,S_DCS_P1,60,Predator
834,2021/08/05 03:55:39,16.13,YF,DC,S_DCS_P1,60,Predator
835,2021/08/05 04:55:39,16.08,YF,DC,S_DCS_P1,60,Predator
836,2021/08/05 05:55:39,16.26,YF,DC,S_DCS_P1,60,Predator
837,2021/08/05 06:55:39,16.43,YF,DC,S_DCS_P1,60,Predator
838,2021/08/05 07:55:39,16.69,YF,DC,S_DCS_P1,60,Predator
839,2021/08/05 08:55:39,16.69,YF,DC,S_DCS_P1,60,Predator
840,2021/08/05 09:55:39,17.11,YF,DC,S_DCS_P1,60,Predator
841,2021/08/05 10:55:39,17.97,YF,DC,S_DCS_P1,60,Predator
842,2021/08/05 11:55:39,19.09,YF,DC,S_DCS_P1,60,Predator
843,2021/08/05 12:55:39,20.42,YF,DC,S_DCS_P1,60,Predator
844,2021/08/05 13:55:39,21.49,YF,DC,S_DCS_P1,60,Predator
845,2021/08/05 14:55:39,20.59,YF,DC,S_DCS_P1,60,Predator
846,2021/08/05 15:55:39,21.40,YF,DC,S_DCS_P1,60,Predator
847,2021/08/05 16:55:39,21.66,YF,DC,S_DCS_P1,60,Predator
848,2021/08/05 17:55:39,20.07,YF,DC,S_DCS_P1,60,Predator
849,2021/08/05 18:55:39,19.56,YF,DC,S_DCS_P1,60,Predator
850,2021/08/05 19:55:39,18.96,YF,DC,S_DCS_P1,60,Predator
851,2021/08/05 20:55:39,16.69,YF,DC,S_DCS_P1,60,Predator
852,2021/08/05 21:55:39,16.17,YF,DC,S_DCS_P1,60,Predator
853,2021/08/05 22:55:39,16.64,YF,DC,S_DCS_P1,60,Predator
854,2021/08/05 23:55:39,16.60,YF,DC,S_DCS_P1,60,Predator
855,2021/08/06 00:55:39,16.17,YF,DC,S_DCS_P1,60,Predator
856,2021/08/06 01:55:39,16.39,YF,DC,S_DCS_P1,60,Predator
857,2021/08/06 02:55:39,16.51,YF,DC,S_DCS_P1,60,Predator
858,2021/08/06 03:55:39,17.63,YF,DC,S_DCS_P1,60,Predator
859,2021/08/06 04:55:39,16.90,YF,DC,S_DCS_P1,60,Predator
860,2021/08/06 05:55:39,15.31,YF,DC,S_DCS_P1,60,Predator
861,2021/08/06 06:55:39,17.29,YF,DC,S_DCS_P1,60,Predator
862,2021/08/06 07:55:39,18.70,YF,DC,S_DCS_P1,60,Predator
863,2021/08/06 08:55:39,21.53,YF,DC,S_DCS_P1,60,Predator
864,2021/08/06 09:55:39,25.57,YF,DC,S_DCS_P1,60,Predator
865,2021/08/06 10:55:39,29.13,YF,DC,S_DCS_P1,60,Predator
866,2021/08/06 11:55:39,31.61,YF,DC,S_DCS_P1,60,Predator
867,2021/08/06 12:55:39,32.39,YF,DC,S_DCS_P1,60,Predator
868,2021/08/06 13:55:39,35.09,YF,DC,S_DCS_P1,60,Predator
869,2021/08/06 14:55:39,34.32,YF,DC,S_DCS_P1,60,Predator
870,2021/08/06 15:55:39,32.60,YF,DC,S_DCS_P1,60,Predator
871,2021/08/06 16:55:39,31.06,YF,DC,S_DCS_P1,60,Predator
872,2021/08/06 17:55:39,27.71,YF,DC,S_DCS_P1,60,Predator
873,2021/08/06 18:55:39,24.32,YF,DC,S_DCS_P1,60,Predator
874,2021/08/06 19:55:39,21.02,YF,DC,S_DCS_P1,60,Predator
875,2021/08/06 20:55:39,18.87,YF,DC,S_DCS_P1,60,Predator
876,2021/08/06 21:55:39,18.44,YF,DC,S_DCS_P1,60,Predator
877,2021/08/06 22:55:39,17.41,YF,DC,S_DCS_P1,60,Predator
878,2021/08/06 23:55:39,16.77,YF,DC,S_DCS_P1,60,Predator
879,2021/08/07 00:55:39,16.39,YF,DC,S_DCS_P1,60,Predator
880,2021/08/07 01:55:39,16.08,YF,DC,S_DCS_P1,60,Predator
881,2021/08/07 02:55:39,15.96,YF,DC,S_DCS_P1,60,Predator
882,2021/08/07 03:55:39,15.74,YF,DC,S_DCS_P1,60,Predator
883,2021/08/07 04:55:39,15.74,YF,DC,S_DCS_P1,60,Predator
884,2021/08/07 05:55:39,15.78,YF,DC,S_DCS_P1,60,Predator
885,2021/08/07 06:55:39,17.63,YF,DC,S_DCS_P1,60,Predator
886,2021/08/07 07:55:39,19.86,YF,DC,S_DCS_P1,60,Predator
887,2021/08/07 08:55:39,24.02,YF,DC,S_DCS_P1,60,Predator
888,2021/08/07 09:55:39,28.61,YF,DC,S_DCS_P1,60,Predator
889,2021/08/07 10:55:39,31.31,YF,DC,S_DCS_P1,60,Predator
890,2021/08/07 11:55:39,33.16,YF,DC,S_DCS_P1,60,Predator
891,2021/08/07 12:55:39,29.30,YF,DC,S_DCS_P1,60,Predator
892,2021/08/07 13:55:39,30.50,YF,DC,S_DCS_P1,60,Predator
893,2021/08/07 14:55:39,30.50,YF,DC,S_DCS_P1,60,Predator
894,2021/08/07 15:55:39,27.93,YF,DC,S_DCS_P1,60,Predator
895,2021/08/07 16:55:39,28.01,YF,DC,S_DCS_P1,60,Predator
896,2021/08/07 17:55:39,25.82,YF,DC,S_DCS_P1,60,Predator
897,2021/08/07 18:55:39,23.03,YF,DC,S_DCS_P1,60,Predator
898,2021/08/07 19:55:39,21.02,YF,DC,S_DCS_P1,60,Predator
899,2021/08/07 20:55:39,20.37,YF,DC,S_DCS_P1,60,Predator
900,2021/08/07 21:55:39,19.73,YF,DC,S_DCS_P1,60,Predator
901,2021/08/07 22:55:39,18.70,YF,DC,S_DCS_P1,60,Predator
902,2021/08/07 23:55:39,18.19,YF,DC,S_DCS_P1,60,Predator
903,2021/08/08 00:55:39,18.14,YF,DC,S_DCS_P1,60,Predator
904,2021/08/08 01:55:39,18.06,YF,DC,S_DCS_P1,60,Predator
905,2021/08/08 02:55:39,18.14,YF,DC,S_DCS_P1,60,Predator
906,2021/08/08 03:55:39,18.06,YF,DC,S_DCS_P1,60,Predator
907,2021/08/08 04:55:39,19.05,YF,DC,S_DCS_P1,60,Predator
908,2021/08/08 05:55:39,18.83,YF,DC,S_DCS_P1,60,Predator
909,2021/08/08 06:55:39,19.47,YF,DC,S_DCS_P1,60,Predator
910,2021/08/08 07:55:39,20.85,YF,DC,S_DCS_P1,60,Predator
911,2021/08/08 08:55:39,23.68,YF,DC,S_DCS_P1,60,Predator
912,2021/08/08 09:55:39,25.52,YF,DC,S_DCS_P1,60,Predator
913,2021/08/08 10:55:39,24.88,YF,DC,S_DCS_P1,60,Predator
914,2021/08/08 11:55:39,26.12,YF,DC,S_DCS_P1,60,Predator
915,2021/08/08 12:55:39,25.44,YF,DC,S_DCS_P1,60,Predator
916,2021/08/08 13:55:39,25.74,YF,DC,S_DCS_P1,60,Predator
917,2021/08/08 14:55:39,28.14,YF,DC,S_DCS_P1,60,Predator
918,2021/08/08 15:55:39,28.10,YF,DC,S_DCS_P1,60,Predator
919,2021/08/08 16:55:39,28.61,YF,DC,S_DCS_P1,60,Predator
920,2021/08/08 17:55:39,25.95,YF,DC,S_DCS_P1,60,Predator
921,2021/08/08 18:55:39,24.11,YF,DC,S_DCS_P1,60,Predator
922,2021/08/08 19:55:39,21.66,YF,DC,S_DCS_P1,60,Predator
923,2021/08/08 20:55:39,20.68,YF,DC,S_DCS_P1,60,Predator
924,2021/08/08 21:55:39,20.20,YF,DC,S_DCS_P1,60,Predator
925,2021/08/08 22:55:39,19.05,YF,DC,S_DCS_P1,60,Predator
926,2021/08/08 23:55:39,18.74,YF,DC,S_DCS_P1,60,Predator
927,2021/08/09 00:55:39,18.83,YF,DC,S_DCS_P1,60,Predator
928,2021/08/09 01:55:39,18.66,YF,DC,S_DCS_P1,60,Predator
929,2021/08/09 02:55:39,19.17,YF,DC,S_DCS_P1,60,Predator
930,2021/08/09 03:55:39,18.62,YF,DC,S_DCS_P1,60,Predator
931,2021/08/09 04:55:39,18.49,YF,DC,S_DCS_P1,60,Predator
932,2021/08/09 05:55:39,18.74,YF,DC,S_DCS_P1,60,Predator
933,2021/08/09 06:55:39,19.95,YF,DC,S_DCS_P1,60,Predator
934,2021/08/09 07:55:39,20.46,YF,DC,S_DCS_P1,60,Predator
935,2021/08/09 08:55:39,21.62,YF,DC,S_DCS_P1,60,Predator
936,2021/08/09 09:55:39,26.94,YF,DC,S_DCS_P1,60,Predator
937,2021/08/09 10:55:39,26.21,YF,DC,S_DCS_P1,60,Predator
938,2021/08/09 11:55:39,26.47,YF,DC,S_DCS_P1,60,Predator
939,2021/08/09 12:55:39,26.98,YF,DC,S_DCS_P1,60,Predator
940,2021/08/09 13:55:39,25.18,YF,DC,S_DCS_P1,60,Predator
941,2021/08/09 14:55:39,23.55,YF,DC,S_DCS_P1,60,Predator
942,2021/08/09 15:55:39,23.42,YF,DC,S_DCS_P1,60,Predator
943,2021/08/09 16:55:39,23.59,YF,DC,S_DCS_P1,60,Predator
944,2021/08/09 17:55:39,22.48,YF,DC,S_DCS_P1,60,Predator
945,2021/08/09 18:55:39,21.96,YF,DC,S_DCS_P1,60,Predator
946,2021/08/09 19:55:39,20.72,YF,DC,S_DCS_P1,60,Predator
947,2021/08/09 20:55:39,20.25,YF,DC,S_DCS_P1,60,Predator
948,2021/08/09 21:55:39,20.25,YF,DC,S_DCS_P1,60,Predator
949,2021/08/09 22:55:39,19.73,YF,DC,S_DCS_P1,60,Predator
950,2021/08/09 23:55:39,19.43,YF,DC,S_DCS_P1,60,Predator
951,2021/08/10 00:55:39,19.65,YF,DC,S_DCS_P1,60,Predator
952,2021/08/10 01:55:39,19.43,YF,DC,S_DCS_P1,60,Predator
953,2021/08/10 02:55:39,19.17,YF,DC,S_DCS_P1,60,Predator
954,2021/08/10 03:55:39,19.17,YF,DC,S_DCS_P1,60,Predator
955,2021/08/10 04:55:39,19.05,YF,DC,S_DCS_P1,60,Predator
956,2021/08/10 05:55:39,18.96,YF,DC,S_DCS_P1,60,Predator
957,2021/08/10 06:55:39,19.17,YF,DC,S_DCS_P1,60,Predator
958,2021/08/10 07:55:39,19.95,YF,DC,S_DCS_P1,60,Predator
959,2021/08/10 08:55:39,21.10,YF,DC,S_DCS_P1,60,Predator
960,2021/08/10 09:55:39,24.49,YF,DC,S_DCS_P1,60,Predator
961,2021/08/10 10:55:39,25.99,YF,DC,S_DCS_P1,60,Predator
962,2021/08/10 11:55:39,26.34,YF,DC,S_DCS_P1,60,Predator
963,2021/08/10 12:55:39,27.45,YF,DC,S_DCS_P1,60,Predator
964,2021/08/10 13:55:39,26.85,YF,DC,S_DCS_P1,60,Predator
965,2021/08/10 14:55:39,25.65,YF,DC,S_DCS_P1,60,Predator
966,2021/08/10 15:55:39,25.99,YF,DC,S_DCS_P1,60,Predator
967,2021/08/10 16:55:39,24.88,YF,DC,S_DCS_P1,60,Predator
968,2021/08/10 17:55:39,23.25,YF,DC,S_DCS_P1,60,Predator
969,2021/08/10 18:55:39,22.65,YF,DC,S_DCS_P1,60,Predator
970,2021/08/10 19:55:39,21.79,YF,DC,S_DCS_P1,60,Predator
971,2021/08/10 20:55:39,21.53,YF,DC,S_DCS_P1,60,Predator
972,2021/08/10 21:55:39,21.49,YF,DC,S_DCS_P1,60,Predator
973,2021/08/10 22:55:39,21.75,YF,DC,S_DCS_P1,60,Predator
974,2021/08/10 23:55:39,21.88,YF,DC,S_DCS_P1,60,Predator
975,2021/08/11 00:55:39,21.70,YF,DC,S_DCS_P1,60,Predator
976,2021/08/11 01:55:39,21.53,YF,DC,S_DCS_P1,60,Predator
977,2021/08/11 02:55:39,21.40,YF,DC,S_DCS_P1,60,Predator
978,2021/08/11 03:55:39,21.15,YF,DC,S_DCS_P1,60,Predator
979,2021/08/11 04:55:39,20.98,YF,DC,S_DCS_P1,60,Predator
980,2021/08/11 05:55:39,21.02,YF,DC,S_DCS_P1,60,Predator
981,2021/08/11 06:55:39,21.36,YF,DC,S_DCS_P1,60,Predator
982,2021/08/11 07:55:39,23.12,YF,DC,S_DCS_P1,60,Predator
983,2021/08/11 08:55:39,26.38,YF,DC,S_DCS_P1,60,Predator
984,2021/08/11 09:55:39,29.08,YF,DC,S_DCS_P1,60,Predator
985,2021/08/11 10:55:39,30.37,YF,DC,S_DCS_P1,60,Predator
986,2021/08/11 11:55:39,32.82,YF,DC,S_DCS_P1,60,Predator
987,2021/08/11 12:55:39,33.80,YF,DC,S_DCS_P1,60,Predator
988,2021/08/11 13:55:39,32.69,YF,DC,S_DCS_P1,60,Predator
989,2021/08/11 14:55:39,34.53,YF,DC,S_DCS_P1,60,Predator
990,2021/08/11 15:55:39,33.33,YF,DC,S_DCS_P1,60,Predator
991,2021/08/11 16:55:39,33.16,YF,DC,S_DCS_P1,60,Predator
992,2021/08/11 17:55:39,29.17,YF,DC,S_DCS_P1,60,Predator
993,2021/08/11 18:55:39,27.11,YF,DC,S_DCS_P1,60,Predator
994,2021/08/11 19:55:39,25.27,YF,DC,S_DCS_P1,60,Predator
995,2021/08/11 20:55:39,23.85,YF,DC,S_DCS_P1,60,Predator
996,2021/08/11 21:55:39,23.38,YF,DC,S_DCS_P1,60,Predator
997,2021/08/11 22:55:39,22.65,YF,DC,S_DCS_P1,60,Predator
998,2021/08/11 23:55:39,22.43,YF,DC,S_DCS_P1,60,Predator
999,2021/08/12 00:55:39,22.31,YF,DC,S_DCS_P1,60,Predator
1000,2021/08/12 01:55:39,22.31,YF,DC,S_DCS_P1,60,Predator
1001,2021/08/12 02:55:39,22.22,YF,DC,S_DCS_P1,60,Predator
1002,2021/08/12 03:55:39,22.05,YF,DC,S_DCS_P1,60,Predator
1003,2021/08/12 04:55:39,21.53,YF,DC,S_DCS_P1,60,Predator
1004,2021/08/12 05:55:39,20.76,YF,DC,S_DCS_P1,60,Predator
1005,2021/08/12 06:55:39,21.40,YF,DC,S_DCS_P1,60,Predator
1006,2021/08/12 07:55:39,22.05,YF,DC,S_DCS_P1,60,Predator
1007,2021/08/12 08:55:39,27.28,YF,DC,S_DCS_P1,60,Predator
1008,2021/08/12 09:55:39,30.80,YF,DC,S_DCS_P1,60,Predator
1009,2021/08/12 10:55:39,33.63,YF,DC,S_DCS_P1,60,Predator
1010,2021/08/12 11:55:39,35.39,YF,DC,S_DCS_P1,60,Predator
1011,2021/08/12 12:55:39,36.51,YF,DC,S_DCS_P1,60,Predator
1012,2021/08/12 13:55:39,36.21,YF,DC,S_DCS_P1,60,Predator
1013,2021/08/12 14:55:39,37.58,YF,DC,S_DCS_P1,60,Predator
1014,2021/08/12 15:55:39,35.35,YF,DC,S_DCS_P1,60,Predator
1015,2021/08/12 16:55:39,34.32,YF,DC,S_DCS_P1,60,Predator
1016,2021/08/12 17:55:39,30.50,YF,DC,S_DCS_P1,60,Predator
1017,2021/08/12 18:55:39,20.59,YF,DC,S_DCS_P1,60,Predator
1018,2021/08/12 19:55:39,20.68,YF,DC,S_DCS_P1,60,Predator
1019,2021/08/12 20:55:39,20.59,YF,DC,S_DCS_P1,60,Predator
1020,2021/08/12 21:55:39,20.25,YF,DC,S_DCS_P1,60,Predator
1021,2021/08/12 22:55:39,20.20,YF,DC,S_DCS_P1,60,Predator
1022,2021/08/12 23:55:39,19.60,YF,DC,S_DCS_P1,60,Predator
1023,2021/08/13 00:55:39,20.20,YF,DC,S_DCS_P1,60,Predator
1024,2021/08/13 01:55:39,20.46,YF,DC,S_DCS_P1,60,Predator
1025,2021/08/13 02:55:39,20.89,YF,DC,S_DCS_P1,60,Predator
1026,2021/08/13 03:55:39,20.12,YF,DC,S_DCS_P1,60,Predator
1027,2021/08/13 04:55:39,19.56,YF,DC,S_DCS_P1,60,Predator
1028,2021/08/13 05:55:39,19.65,YF,DC,S_DCS_P1,60,Predator
1029,2021/08/13 06:55:39,20.29,YF,DC,S_DCS_P1,60,Predator
1030,2021/08/13 07:55:39,22.91,YF,DC,S_DCS_P1,60,Predator
1031,2021/08/13 08:55:39,28.27,YF,DC,S_DCS_P1,60,Predator
1032,2021/08/13 09:55:39,31.83,YF,DC,S_DCS_P1,60,Predator
1033,2021/08/13 10:55:39,32.47,YF,DC,S_DCS_P1,60,Predator
1034,2021/08/13 11:55:39,34.70,YF,DC,S_DCS_P1,60,Predator
1035,2021/08/13 12:55:39,36.33,YF,DC,S_DCS_P1,60,Predator
1036,2021/08/13 13:55:39,38.61,YF,DC,S_DCS_P1,60,Predator
1037,2021/08/13 14:55:39,38.78,YF,DC,S_DCS_P1,60,Predator
1038,2021/08/13 15:55:39,34.96,YF,DC,S_DCS_P1,60,Predator
1039,2021/08/13 16:55:39,36.29,YF,DC,S_DCS_P1,60,Predator
1040,2021/08/13 17:55:39,32.04,YF,DC,S_DCS_P1,60,Predator
1041,2021/08/13 18:55:39,28.61,YF,DC,S_DCS_P1,60,Predator
1042,2021/08/13 19:55:39,25.05,YF,DC,S_DCS_P1,60,Predator
1043,2021/08/13 20:55:39,23.08,YF,DC,S_DCS_P1,60,Predator
1044,2021/08/13 21:55:39,22.61,YF,DC,S_DCS_P1,60,Predator
1045,2021/08/13 22:55:39,21.83,YF,DC,S_DCS_P1,60,Predator
1046,2021/08/13 23:55:39,21.88,YF,DC,S_DCS_P1,60,Predator
1047,2021/08/14 00:55:39,21.79,YF,DC,S_DCS_P1,60,Predator
1048,2021/08/14 01:55:39,21.45,YF,DC,S_DCS_P1,60,Predator
1049,2021/08/14 02:55:39,20.89,YF,DC,S_DCS_P1,60,Predator
1050,2021/08/14 03:55:39,20.98,YF,DC,S_DCS_P1,60,Predator
1051,2021/08/14 04:55:39,20.98,YF,DC,S_DCS_P1,60,Predator
1052,2021/08/14 05:55:39,20.46,YF,DC,S_DCS_P1,60,Predator
1053,2021/08/14 06:55:39,21.19,YF,DC,S_DCS_P1,60,Predator
1054,2021/08/14 07:55:39,23.21,YF,DC,S_DCS_P1,60,Predator
1055,2021/08/14 08:55:39,29.60,YF,DC,S_DCS_P1,60,Predator
1056,2021/08/14 09:55:39,28.44,YF,DC,S_DCS_P1,60,Predator
1057,2021/08/14 10:55:39,26.12,YF,DC,S_DCS_P1,60,Predator
1058,2021/08/14 11:55:39,25.69,YF,DC,S_DCS_P1,60,Predator
1059,2021/08/14 12:55:39,32.39,YF,DC,S_DCS_P1,60,Predator
1060,2021/08/14 13:55:39,35.18,YF,DC,S_DCS_P1,60,Predator
1061,2021/08/14 14:55:39,34.75,YF,DC,S_DCS_P1,60,Predator
1062,2021/08/14 15:55:39,33.85,YF,DC,S_DCS_P1,60,Predator
1063,2021/08/14 16:55:39,31.61,YF,DC,S_DCS_P1,60,Predator
1064,2021/08/14 17:55:39,29.34,YF,DC,S_DCS_P1,60,Predator
1065,2021/08/14 18:55:39,24.62,YF,DC,S_DCS_P1,60,Predator
1066,2021/08/14 19:55:39,20.85,YF,DC,S_DCS_P1,60,Predator
1067,2021/08/14 20:55:39,18.49,YF,DC,S_DCS_P1,60,Predator
1068,2021/08/14 21:55:39,17.33,YF,DC,S_DCS_P1,60,Predator
1069,2021/08/14 22:55:39,17.50,YF,DC,S_DCS_P1,60,Predator
1070,2021/08/14 23:55:39,16.81,YF,DC,S_DCS_P1,60,Predator
1071,2021/08/15 00:55:39,16.99,YF,DC,S_DCS_P1,60,Predator
1072,2021/08/15 01:55:39,17.50,YF,DC,S_DCS_P1,60,Predator
1073,2021/08/15 02:55:39,16.69,YF,DC,S_DCS_P1,60,Predator
1074,2021/08/15 03:55:39,15.78,YF,DC,S_DCS_P1,60,Predator
1075,2021/08/15 04:55:39,16.00,YF,DC,S_DCS_P1,60,Predator
1076,2021/08/15 05:55:39,15.61,YF,DC,S_DCS_P1,60,Predator
1077,2021/08/15 06:55:39,16.00,YF,DC,S_DCS_P1,60,Predator
1078,2021/08/15 07:55:39,17.29,YF,DC,S_DCS_P1,60,Predator
1079,2021/08/15 08:55:39,22.56,YF,DC,S_DCS_P1,60,Predator
1080,2021/08/15 09:55:39,23.76,YF,DC,S_DCS_P1,60,Predator
1081,2021/08/15 10:55:39,26.12,YF,DC,S_DCS_P1,60,Predator
1082,2021/08/15 11:55:39,28.31,YF,DC,S_DCS_P1,60,Predator
1083,2021/08/15 12:55:39,30.80,YF,DC,S_DCS_P1,60,Predator
1084,2021/08/15 13:55:39,32.64,YF,DC,S_DCS_P1,60,Predator
1085,2021/08/15 14:55:39,32.86,YF,DC,S_DCS_P1,60,Predator
1086,2021/08/15 15:55:39,29.21,YF,DC,S_DCS_P1,60,Predator
1087,2021/08/15 16:55:39,29.73,YF,DC,S_DCS_P1,60,Predator
1088,2021/08/15 17:55:39,25.05,YF,DC,S_DCS_P1,60,Predator
1089,2021/08/15 18:55:39,19.26,YF,DC,S_DCS_P1,60,Predator
1090,2021/08/15 19:55:39,15.78,YF,DC,S_DCS_P1,60,Predator
1091,2021/08/15 20:55:39,15.61,YF,DC,S_DCS_P1,60,Predator
1092,2021/08/15 21:55:39,16.73,YF,DC,S_DCS_P1,60,Predator
1093,2021/08/15 22:55:39,17.72,YF,DC,S_DCS_P1,60,Predator
1094,2021/08/15 23:55:39,17.16,YF,DC,S_DCS_P1,60,Predator
1095,2021/08/16 00:55:39,16.47,YF,DC,S_DCS_P1,60,Predator
1096,2021/08/16 01:55:39,15.83,YF,DC,S_DCS_P1,60,Predator
1097,2021/08/16 02:55:39,14.84,YF,DC,S_DCS_P1,60,Predator
1098,2021/08/16 03:55:39,15.31,YF,DC,S_DCS_P1,60,Predator
1099,2021/08/16 04:55:39,15.44,YF,DC,S_DCS_P1,60,Predator
1100,2021/08/16 05:55:39,14.93,YF,DC,S_DCS_P1,60,Predator
1101,2021/08/16 06:55:39,15.53,YF,DC,S_DCS_P1,60,Predator
1102,2021/08/16 07:55:39,16.60,YF,DC,S_DCS_P1,60,Predator
1103,2021/08/16 08:55:39,19.05,YF,DC,S_DCS_P1,60,Predator
1104,2021/08/16 09:55:39,23.46,YF,DC,S_DCS_P1,60,Predator
1105,2021/08/16 10:55:39,27.28,YF,DC,S_DCS_P1,60,Predator
1106,2021/08/16 11:55:39,28.44,YF,DC,S_DCS_P1,60,Predator
1107,2021/08/16 12:55:39,32.22,YF,DC,S_DCS_P1,60,Predator
1108,2021/08/16 13:55:39,32.34,YF,DC,S_DCS_P1,60,Predator
1109,2021/08/16 14:55:39,31.92,YF,DC,S_DCS_P1,60,Predator
1110,2021/08/16 15:55:39,29.30,YF,DC,S_DCS_P1,60,Predator
1111,2021/08/16 16:55:39,31.01,YF,DC,S_DCS_P1,60,Predator
1112,2021/08/16 17:55:39,25.78,YF,DC,S_DCS_P1,60,Predator
1113,2021/08/16 18:55:39,20.80,YF,DC,S_DCS_P1,60,Predator
1114,2021/08/16 19:55:39,17.20,YF,DC,S_DCS_P1,60,Predator
1115,2021/08/16 20:55:39,16.21,YF,DC,S_DCS_P1,60,Predator
1116,2021/08/16 21:55:39,15.53,YF,DC,S_DCS_P1,60,Predator
1117,2021/08/16 22:55:39,15.01,YF,DC,S_DCS_P1,60,Predator
1118,2021/08/16 23:55:39,14.58,YF,DC,S_DCS_P1,60,Predator
1119,2021/08/17 00:55:39,14.15,YF,DC,S_DCS_P1,60,Predator
1120,2021/08/17 01:55:39,14.20,YF,DC,S_DCS_P1,60,Predator
1121,2021/08/17 02:55:39,14.41,YF,DC,S_DCS_P1,60,Predator
1122,2021/08/17 03:55:39,14.33,YF,DC,S_DCS_P1,60,Predator
1123,2021/08/17 04:55:39,14.97,YF,DC,S_DCS_P1,60,Predator
1124,2021/08/17 05:55:39,15.48,YF,DC,S_DCS_P1,60,Predator
1125,2021/08/17 06:55:39,16.81,YF,DC,S_DCS_P1,60,Predator
1126,2021/08/17 07:55:39,18.92,YF,DC,S_DCS_P1,60,Predator
1127,2021/08/17 08:55:39,22.65,YF,DC,S_DCS_P1,60,Predator
1128,2021/08/17 09:55:39,26.81,YF,DC,S_DCS_P1,60,Predator
1129,2021/08/17 10:55:39,27.67,YF,DC,S_DCS_P1,60,Predator
1130,2021/08/17 11:55:39,28.31,YF,DC,S_DCS_P1,60,Predator
1131,2021/08/17 12:55:39,28.44,YF,DC,S_DCS_P1,60,Predator
1132,2021/08/17 13:55:39,29.38,YF,DC,S_DCS_P1,60,Predator
1133,2021/08/17 14:55:39,27.28,YF,DC,S_DCS_P1,60,Predator
1134,2021/08/17 15:55:39,28.35,YF,DC,S_DCS_P1,60,Predator
1135,2021/08/17 16:55:39,27.88,YF,DC,S_DCS_P1,60,Predator
1136,2021/08/17 17:55:39,24.54,YF,DC,S_DCS_P1,60,Predator
1137,2021/08/17 18:55:39,22.86,YF,DC,S_DCS_P1,60,Predator
1138,2021/08/17 19:55:39,20.85,YF,DC,S_DCS_P1,60,Predator
1139,2021/08/17 20:55:39,19.60,YF,DC,S_DCS_P1,60,Predator
1140,2021/08/17 21:55:39,18.32,YF,DC,S_DCS_P1,60,Predator
1141,2021/08/17 22:55:39,18.66,YF,DC,S_DCS_P1,60,Predator
1142,2021/08/17 23:55:39,17.84,YF,DC,S_DCS_P1,60,Predator
1143,2021/08/18 00:55:39,17.50,YF,DC,S_DCS_P1,60,Predator
1144,2021/08/18 01:55:39,17.63,YF,DC,S_DCS_P1,60,Predator
1145,2021/08/18 02:55:39,17.93,YF,DC,S_DCS_P1,60,Predator
1146,2021/08/18 03:55:39,17.46,YF,DC,S_DCS_P1,60,Predator
1147,2021/08/18 04:55:39,17.54,YF,DC,S_DCS_P1,60,Predator
1148,2021/08/18 05:55:39,17.37,YF,DC,S_DCS_P1,60,Predator
1149,2021/08/18 06:55:39,17.54,YF,DC,S_DCS_P1,60,Predator
1150,2021/08/18 07:55:39,20.76,YF,DC,S_DCS_P1,60,Predator
1151,2021/08/18 08:55:39,25.78,YF,DC,S_DCS_P1,60,Predator
1152,2021/08/18 09:55:39,26.77,YF,DC,S_DCS_P1,60,Predator
1153,2021/08/18 10:55:39,29.47,YF,DC,S_DCS_P1,60,Predator
1154,2021/08/18 11:55:39,29.26,YF,DC,S_DCS_P1,60,Predator
1155,2021/08/18 12:55:39,28.31,YF,DC,S_DCS_P1,60,Predator
1156,2021/08/18 13:55:39,31.31,YF,DC,S_DCS_P1,60,Predator
1157,2021/08/18 14:55:39,30.03,YF,DC,S_DCS_P1,60,Predator
1158,2021/08/18 15:55:39,28.78,YF,DC,S_DCS_P1,60,Predator
1159,2021/08/18 16:55:39,27.15,YF,DC,S_DCS_P1,60,Predator
1160,2021/08/18 17:55:39,25.78,YF,DC,S_DCS_P1,60,Predator
1161,2021/08/18 18:55:39,24.36,YF,DC,S_DCS_P1,60,Predator
1162,2021/08/18 19:55:39,21.66,YF,DC,S_DCS_P1,60,Predator
1163,2021/08/18 20:55:39,19.60,YF,DC,S_DCS_P1,60,Predator
1164,2021/08/18 21:55:39,18.74,YF,DC,S_DCS_P1,60,Predator
1165,2021/08/18 22:55:39,18.02,YF,DC,S_DCS_P1,60,Predator
1166,2021/08/18 23:55:39,18.27,YF,DC,S_DCS_P1,60,Predator
1167,2021/08/19 00:55:39,19.35,YF,DC,S_DCS_P1,60,Predator
1168,2021/08/19 01:55:39,19.52,YF,DC,S_DCS_P1,60,Predator
1169,2021/08/19 02:55:39,19.95,YF,DC,S_DCS_P1,60,Predator
1170,2021/08/19 03:55:39,20.25,YF,DC,S_DCS_P1,60,Predator
1171,2021/08/19 04:55:39,20.59,YF,DC,S_DCS_P1,60,Predator
1172,2021/08/19 05:55:39,21.10,YF,DC,S_DCS_P1,60,Predator
1173,2021/08/19 06:55:39,21.53,YF,DC,S_DCS_P1,60,Predator
1174,2021/08/19 07:55:39,22.22,YF,DC,S_DCS_P1,60,Predator
1175,2021/08/19 08:55:39,21.70,YF,DC,S_DCS_P1,60,Predator
1176,2021/08/19 09:55:39,21.83,YF,DC,S_DCS_P1,60,Predator
1177,2021/08/19 10:55:39,24.62,YF,DC,S_DCS_P1,60,Predator
1178,2021/08/19 11:55:39,26.25,YF,DC,S_DCS_P1,60,Predator
1179,2021/08/19 12:55:39,26.47,YF,DC,S_DCS_P1,60,Predator
1180,2021/08/19 13:55:39,27.11,YF,DC,S_DCS_P1,60,Predator
1181,2021/08/19 14:55:39,23.94,YF,DC,S_DCS_P1,60,Predator
1182,2021/08/19 15:55:39,23.42,YF,DC,S_DCS_P1,60,Predator
1183,2021/08/19 16:55:39,24.24,YF,DC,S_DCS_P1,60,Predator
1184,2021/08/19 17:55:39,24.49,YF,DC,S_DCS_P1,60,Predator
1185,2021/08/19 18:55:39,23.42,YF,DC,S_DCS_P1,60,Predator
1186,2021/08/19 19:55:39,22.86,YF,DC,S_DCS_P1,60,Predator
1187,2021/08/19 20:55:39,22.56,YF,DC,S_DCS_P1,60,Predator
1188,2021/08/19 21:55:39,22.22,YF,DC,S_DCS_P1,60,Predator
1189,2021/08/19 22:55:39,21.88,YF,DC,S_DCS_P1,60,Predator
1190,2021/08/19 23:55:39,22.09,YF,DC,S_DCS_P1,60,Predator
1191,2021/08/20 00:55:39,21.49,YF,DC,S_DCS_P1,60,Predator
1192,2021/08/20 01:55:39,21.19,YF,DC,S_DCS_P1,60,Predator
1193,2021/08/20 02:55:39,20.89,YF,DC,S_DCS_P1,60,Predator
1194,2021/08/20 03:55:39,20.55,YF,DC,S_DCS_P1,60,Predator
1195,2021/08/20 04:55:39,20.16,YF,DC,S_DCS_P1,60,Predator
1196,2021/08/20 05:55:39,20.20,YF,DC,S_DCS_P1,60,Predator
1197,2021/08/20 06:55:39,21.32,YF,DC,S_DCS_P1,60,Predator
1198,2021/08/20 07:55:39,22.65,YF,DC,S_DCS_P1,60,Predator
1199,2021/08/20 08:55:39,24.75,YF,DC,S_DCS_P1,60,Predator
1200,2021/08/20 09:55:39,25.01,YF,DC,S_DCS_P1,60,Predator
1201,2021/08/20 10:55:39,26.51,YF,DC,S_DCS_P1,60,Predator
1202,2021/08/20 11:55:39,24.54,YF,DC,S_DCS_P1,60,Predator
1203,2021/08/20 12:55:39,27.63,YF,DC,S_DCS_P1,60,Predator
1204,2021/08/20 13:55:39,27.41,YF,DC,S_DCS_P1,60,Predator
1205,2021/08/20 14:55:39,28.65,YF,DC,S_DCS_P1,60,Predator
1206,2021/08/20 15:55:39,28.31,YF,DC,S_DCS_P1,60,Predator
1207,2021/08/20 16:55:39,27.02,YF,DC,S_DCS_P1,60,Predator
1208,2021/08/20 17:55:39,26.94,YF,DC,S_DCS_P1,60,Predator
1209,2021/08/20 18:55:39,23.29,YF,DC,S_DCS_P1,60,Predator
1210,2021/08/20 19:55:39,23.03,YF,DC,S_DCS_P1,60,Predator
1211,2021/08/20 20:55:39,22.48,YF,DC,S_DCS_P1,60,Predator
1212,2021/08/20 21:55:39,22.31,YF,DC,S_DCS_P1,60,Predator
1213,2021/08/20 22:55:39,22.01,YF,DC,S_DCS_P1,60,Predator
1214,2021/08/20 23:55:39,22.18,YF,DC,S_DCS_P1,60,Predator
1215,2021/08/21 00:55:39,21.49,YF,DC,S_DCS_P1,60,Predator
1216,2021/08/21 01:55:39,21.62,YF,DC,S_DCS_P1,60,Predator
1217,2021/08/21 02:55:39,21.28,YF,DC,S_DCS_P1,60,Predator
1218,2021/08/21 03:55:39,20.63,YF,DC,S_DCS_P1,60,Predator
1219,2021/08/21 04:55:39,20.20,YF,DC,S_DCS_P1,60,Predator
1220,2021/08/21 05:55:39,19.52,YF,DC,S_DCS_P1,60,Predator
1221,2021/08/21 06:55:39,19.65,YF,DC,S_DCS_P1,60,Predator
1222,2021/08/21 07:55:39,21.40,YF,DC,S_DCS_P1,60,Predator
1223,2021/08/21 08:55:39,26.77,YF,DC,S_DCS_P1,60,Predator
1224,2021/08/21 09:55:39,28.48,YF,DC,S_DCS_P1,60,Predator
1225,2021/08/21 10:55:39,28.83,YF,DC,S_DCS_P1,60,Predator
1226,2021/08/21 11:55:39,29.56,YF,DC,S_DCS_P1,60,Predator
1227,2021/08/21 12:55:39,34.40,YF,DC,S_DCS_P1,60,Predator
1228,2021/08/21 13:55:39,33.07,YF,DC,S_DCS_P1,60,Predator
1229,2021/08/21 14:55:39,33.29,YF,DC,S_DCS_P1,60,Predator
1230,2021/08/21 15:55:39,31.40,YF,DC,S_DCS_P1,60,Predator
1231,2021/08/21 16:55:39,31.96,YF,DC,S_DCS_P1,60,Predator
1232,2021/08/21 17:55:39,28.40,YF,DC,S_DCS_P1,60,Predator
1233,2021/08/21 18:55:39,25.48,YF,DC,S_DCS_P1,60,Predator
1234,2021/08/21 19:55:39,22.48,YF,DC,S_DCS_P1,60,Predator
1235,2021/08/21 20:55:39,21.70,YF,DC,S_DCS_P1,60,Predator
1236,2021/08/21 21:55:39,21.23,YF,DC,S_DCS_P1,60,Predator
1237,2021/08/21 22:55:39,21.02,YF,DC,S_DCS_P1,60,Predator
1238,2021/08/21 23:55:39,21.45,YF,DC,S_DCS_P1,60,Predator
1239,2021/08/22 00:55:39,21.92,YF,DC,S_DCS_P1,60,Predator
1240,2021/08/22 01:55:39,22.01,YF,DC,S_DCS_P1,60,Predator
1241,2021/08/22 02:55:39,21.88,YF,DC,S_DCS_P1,60,Predator
1242,2021/08/22 03:55:39,21.62,YF,DC,S_DCS_P1,60,Predator
1243,2021/08/22 04:55:39,21.58,YF,DC,S_DCS_P1,60,Predator
1244,2021/08/22 05:55:39,21.06,YF,DC,S_DCS_P1,60,Predator
1245,2021/08/22 06:55:39,20.76,YF,DC,S_DCS_P1,60,Predator
1246,2021/08/22 07:55:39,20.72,YF,DC,S_DCS_P1,60,Predator
1247,2021/08/22 08:55:39,21.02,YF,DC,S_DCS_P1,60,Predator
1248,2021/08/22 09:55:39,20.98,YF,DC,S_DCS_P1,60,Predator
1249,2021/08/22 10:55:39,20.20,YF,DC,S_DCS_P1,60,Predator
1250,2021/08/22 11:55:39,20.03,YF,DC,S_DCS_P1,60,Predator
1251,2021/08/22 12:55:39,20.12,YF,DC,S_DCS_P1,60,Predator
1252,2021/08/22 13:55:39,20.33,YF,DC,S_DCS_P1,60,Predator
1253,2021/08/22 14:55:39,21.45,YF,DC,S_DCS_P1,60,Predator
1254,2021/08/22 15:55:39,21.40,YF,DC,S_DCS_P1,60,Predator
1255,2021/08/22 16:55:39,21.28,YF,DC,S_DCS_P1,60,Predator
1256,2021/08/22 17:55:39,21.23,YF,DC,S_DCS_P1,60,Predator
1257,2021/08/22 18:55:39,21.10,YF,DC,S_DCS_P1,60,Predator
1258,2021/08/22 19:55:39,21.06,YF,DC,S_DCS_P1,60,Predator
1259,2021/08/22 20:55:39,21.06,YF,DC,S_DCS_P1,60,Predator
1260,2021/08/22 21:55:39,20.85,YF,DC,S_DCS_P1,60,Predator
1261,2021/08/22 22:55:39,20.50,YF,DC,S_DCS_P1,60,Predator
1262,2021/08/22 23:55:39,20.12,YF,DC,S_DCS_P1,60,Predator
1263,2021/08/23 00:55:39,19.90,YF,DC,S_DCS_P1,60,Predator
1264,2021/08/23 01:55:39,20.29,YF,DC,S_DCS_P1,60,Predator
1265,2021/08/23 02:55:39,20.50,YF,DC,S_DCS_P1,60,Predator
1266,2021/08/23 03:55:39,20.59,YF,DC,S_DCS_P1,60,Predator
1267,2021/08/23 04:55:39,20.50,YF,DC,S_DCS_P1,60,Predator
1268,2021/08/23 05:55:39,20.55,YF,DC,S_DCS_P1,60,Predator
1269,2021/08/23 06:55:39,20.85,YF,DC,S_DCS_P1,60,Predator
1270,2021/08/23 07:55:39,21.58,YF,DC,S_DCS_P1,60,Predator
1271,2021/08/23 08:55:39,23.46,YF,DC,S_DCS_P1,60,Predator
1272,2021/08/23 09:55:39,25.39,YF,DC,S_DCS_P1,60,Predator
1273,2021/08/23 10:55:39,26.98,YF,DC,S_DCS_P1,60,Predator
1274,2021/08/23 11:55:39,26.08,YF,DC,S_DCS_P1,60,Predator
1275,2021/08/23 12:55:39,23.25,YF,DC,S_DCS_P1,60,Predator
1276,2021/08/23 13:55:39,22.61,YF,DC,S_DCS_P1,60,Predator
1277,2021/08/23 14:55:39,21.75,YF,DC,S_DCS_P1,60,Predator
1278,2021/08/23 15:55:39,21.53,YF,DC,S_DCS_P1,60,Predator
1279,2021/08/23 16:55:39,21.28,YF,DC,S_DCS_P1,60,Predator
1280,2021/08/23 17:55:39,21.70,YF,DC,S_DCS_P1,60,Predator
1281,2021/08/23 18:55:39,21.28,YF,DC,S_DCS_P1,60,Predator
1282,2021/08/23 19:55:39,21.23,YF,DC,S_DCS_P1,60,Predator
1283,2021/08/23 20:55:39,21.10,YF,DC,S_DCS_P1,60,Predator
1284,2021/08/23 21:55:39,21.06,YF,DC,S_DCS_P1,60,Predator
1285,2021/08/23 22:55:39,20.85,YF,DC,S_DCS_P1,60,Predator
1286,2021/08/23 23:55:39,20.76,YF,DC,S_DCS_P1,60,Predator
1287,2021/08/24 00:55:39,20.68,YF,DC,S_DCS_P1,60,Predator
1288,2021/08/24 01:55:39,20.59,YF,DC,S_DCS_P1,60,Predator
1289,2021/08/24 02:55:39,20.46,YF,DC,S_DCS_P1,60,Predator
1290,2021/08/24 03:55:39,20.07,YF,DC,S_DCS_P1,60,Predator
1291,2021/08/24 04:55:39,19.99,YF,DC,S_DCS_P1,60,Predator
1292,2021/08/24 05:55:39,19.52,YF,DC,S_DCS_P1,60,Predator
1293,2021/08/24 06:55:39,20.16,YF,DC,S_DCS_P1,60,Predator
1294,2021/08/24 07:55:39,20.93,YF,DC,S_DCS_P1,60,Predator
1295,2021/08/24 08:55:39,25.74,YF,DC,S_DCS_P1,60,Predator
1296,2021/08/24 09:55:39,27.97,YF,DC,S_DCS_P1,60,Predator
1297,2021/08/24 10:55:39,30.07,YF,DC,S_DCS_P1,60,Predator
1298,2021/08/24 11:55:39,32.47,YF,DC,S_DCS_P1,60,Predator
1299,2021/08/24 12:55:39,33.63,YF,DC,S_DCS_P1,60,Predator
1300,2021/08/24 13:55:39,34.23,YF,DC,S_DCS_P1,60,Predator
1301,2021/08/24 14:55:39,34.23,YF,DC,S_DCS_P1,60,Predator
1302,2021/08/24 15:55:39,31.27,YF,DC,S_DCS_P1,60,Predator
1303,2021/08/24 16:55:39,30.89,YF,DC,S_DCS_P1,60,Predator
1304,2021/08/24 17:55:39,31.61,YF,DC,S_DCS_P1,60,Predator
1305,2021/08/24 18:55:39,25.65,YF,DC,S_DCS_P1,60,Predator
1306,2021/08/24 19:55:39,22.18,YF,DC,S_DCS_P1,60,Predator
1307,2021/08/24 20:55:39,20.89,YF,DC,S_DCS_P1,60,Predator
1308,2021/08/24 21:55:39,20.07,YF,DC,S_DCS_P1,60,Predator
1309,2021/08/24 22:55:39,19.86,YF,DC,S_DCS_P1,60,Predator
1310,2021/08/24 23:55:39,19.39,YF,DC,S_DCS_P1,60,Predator
1311,2021/08/25 00:55:39,18.83,YF,DC,S_DCS_P1,60,Predator
1312,2021/08/25 01:55:39,18.87,YF,DC,S_DCS_P1,60,Predator
1313,2021/08/25 02:55:39,18.23,YF,DC,S_DCS_P1,60,Predator
1314,2021/08/25 03:55:39,18.14,YF,DC,S_DCS_P1,60,Predator
1315,2021/08/25 04:55:39,17.80,YF,DC,S_DCS_P1,60,Predator
1316,2021/08/25 05:55:39,17.37,YF,DC,S_DCS_P1,60,Predator
1317,2021/08/25 06:55:39,19.69,YF,DC,S_DCS_P1,60,Predator
1318,2021/08/25 07:55:39,21.70,YF,DC,S_DCS_P1,60,Predator
1319,2021/08/25 08:55:39,26.47,YF,DC,S_DCS_P1,60,Predator
1320,2021/08/25 09:55:39,30.67,YF,DC,S_DCS_P1,60,Predator
1321,2021/08/25 10:55:39,32.00,YF,DC,S_DCS_P1,60,Predator
1322,2021/08/25 11:55:39,34.19,YF,DC,S_DCS_P1,60,Predator
1323,2021/08/25 12:55:39,35.39,YF,DC,S_DCS_P1,60,Predator
1324,2021/08/25 13:55:39,36.81,YF,DC,S_DCS_P1,60,Predator
1325,2021/08/25 14:55:39,37.36,YF,DC,S_DCS_P1,60,Predator
1326,2021/08/25 15:55:39,33.25,YF,DC,S_DCS_P1,60,Predator
1327,2021/08/25 16:55:39,34.62,YF,DC,S_DCS_P1,60,Predator
1328,2021/08/25 17:55:39,29.04,YF,DC,S_DCS_P1,60,Predator
1329,2021/08/25 18:55:39,23.85,YF,DC,S_DCS_P1,60,Predator
1330,2021/08/25 19:55:39,21.15,YF,DC,S_DCS_P1,60,Predator
1331,2021/08/25 20:55:39,20.33,YF,DC,S_DCS_P1,60,Predator
1332,2021/08/25 21:55:39,19.65,YF,DC,S_DCS_P1,60,Predator
1333,2021/08/25 22:55:39,19.60,YF,DC,S_DCS_P1,60,Predator
1334,2021/08/25 23:55:39,19.35,YF,DC,S_DCS_P1,60,Predator
1335,2021/08/26 00:55:39,19.00,YF,DC,S_DCS_P1,60,Predator
1336,2021/08/26 01:55:39,18.74,YF,DC,S_DCS_P1,60,Predator
1337,2021/08/26 02:55:39,18.70,YF,DC,S_DCS_P1,60,Predator
1338,2021/08/26 03:55:39,18.62,YF,DC,S_DCS_P1,60,Predator
1339,2021/08/26 04:55:39,18.79,YF,DC,S_DCS_P1,60,Predator
1340,2021/08/26 05:55:39,18.74,YF,DC,S_DCS_P1,60,Predator
1341,2021/08/26 06:55:39,19.43,YF,DC,S_DCS_P1,60,Predator
1342,2021/08/26 07:55:39,22.09,YF,DC,S_DCS_P1,60,Predator
1343,2021/08/26 08:55:39,27.84,YF,DC,S_DCS_P1,60,Predator
1344,2021/08/26 09:55:39,32.90,YF,DC,S_DCS_P1,60,Predator
1345,2021/08/26 10:55:39,33.80,YF,DC,S_DCS_P1,60,Predator
1346,2021/08/26 11:55:39,35.13,YF,DC,S_DCS_P1,60,Predator
1347,2021/08/26 12:55:39,35.60,YF,DC,S_DCS_P1,60,Predator
1348,2021/08/26 13:55:39,39.68,YF,DC,S_DCS_P1,60,Predator
1349,2021/08/26 14:55:39,39.08,YF,DC,S_DCS_P1,60,Predator
1350,2021/08/26 15:55:39,33.97,YF,DC,S_DCS_P1,60,Predator
1351,2021/08/26 16:55:39,35.26,YF,DC,S_DCS_P1,60,Predator
1352,2021/08/26 17:55:39,30.67,YF,DC,S_DCS_P1,60,Predator
1353,2021/08/26 18:55:39,26.68,YF,DC,S_DCS_P1,60,Predator
1354,2021/08/26 19:55:39,23.68,YF,DC,S_DCS_P1,60,Predator
1355,2021/08/26 20:55:39,22.69,YF,DC,S_DCS_P1,60,Predator
1356,2021/08/26 21:55:39,21.96,YF,DC,S_DCS_P1,60,Predator
1357,2021/08/26 22:55:39,21.15,YF,DC,S_DCS_P1,60,Predator
1358,2021/08/26 23:55:39,21.06,YF,DC,S_DCS_P1,60,Predator
1359,2021/08/27 00:55:39,20.76,YF,DC,S_DCS_P1,60,Predator
1360,2021/08/27 01:55:39,21.15,YF,DC,S_DCS_P1,60,Predator
1361,2021/08/27 02:55:39,20.50,YF,DC,S_DCS_P1,60,Predator
1362,2021/08/27 03:55:39,20.59,YF,DC,S_DCS_P1,60,Predator
1363,2021/08/27 04:55:39,20.68,YF,DC,S_DCS_P1,60,Predator
1364,2021/08/27 05:55:39,21.40,YF,DC,S_DCS_P1,60,Predator
1365,2021/08/27 06:55:39,22.22,YF,DC,S_DCS_P1,60,Predator
1366,2021/08/27 07:55:39,24.45,YF,DC,S_DCS_P1,60,Predator
1367,2021/08/27 08:55:39,28.61,YF,DC,S_DCS_P1,60,Predator
1368,2021/08/27 09:55:39,31.49,YF,DC,S_DCS_P1,60,Predator
1369,2021/08/27 10:55:39,33.12,YF,DC,S_DCS_P1,60,Predator
1370,2021/08/27 11:55:39,34.70,YF,DC,S_DCS_P1,60,Predator
1371,2021/08/27 12:55:39,34.70,YF,DC,S_DCS_P1,60,Predator
1372,2021/08/27 13:55:39,34.62,YF,DC,S_DCS_P1,60,Predator
1373,2021/08/27 14:55:39,37.49,YF,DC,S_DCS_P1,60,Predator
1374,2021/08/27 15:55:39,32.17,YF,DC,S_DCS_P1,60,Predator
1375,2021/08/27 16:55:39,34.32,YF,DC,S_DCS_P1,60,Predator
1376,2021/08/27 17:55:39,29.56,YF,DC,S_DCS_P1,60,Predator
1377,2021/08/27 18:55:39,26.25,YF,DC,S_DCS_P1,60,Predator
1378,2021/08/27 19:55:39,23.89,YF,DC,S_DCS_P1,60,Predator
1379,2021/08/27 20:55:39,23.85,YF,DC,S_DCS_P1,60,Predator
1380,2021/08/27 21:55:39,23.34,YF,DC,S_DCS_P1,60,Predator
1381,2021/08/27 22:55:39,22.61,YF,DC,S_DCS_P1,60,Predator
1382,2021/08/27 23:55:39,22.52,YF,DC,S_DCS_P1,60,Predator
1383,2021/08/28 00:55:39,22.35,YF,DC,S_DCS_P1,60,Predator
1384,2021/08/28 01:55:39,21.19,YF,DC,S_DCS_P1,60,Predator
1385,2021/08/28 02:55:39,19.95,YF,DC,S_DCS_P1,60,Predator
1386,2021/08/28 03:55:39,18.87,YF,DC,S_DCS_P1,60,Predator
1387,2021/08/28 04:55:39,18.27,YF,DC,S_DCS_P1,60,Predator
1388,2021/08/28 05:55:39,18.14,YF,DC,S_DCS_P1,60,Predator
1389,2021/08/28 06:55:39,18.36,YF,DC,S_DCS_P1,60,Predator
1390,2021/08/28 07:55:39,18.87,YF,DC,S_DCS_P1,60,Predator
1391,2021/08/28 08:55:39,21.02,YF,DC,S_DCS_P1,60,Predator
1392,2021/08/28 09:55:39,21.58,YF,DC,S_DCS_P1,60,Predator
1393,2021/08/28 10:55:39,21.66,YF,DC,S_DCS_P1,60,Predator
1394,2021/08/28 11:55:39,22.43,YF,DC,S_DCS_P1,60,Predator
1395,2021/08/28 12:55:39,22.05,YF,DC,S_DCS_P1,60,Predator
1396,2021/08/28 13:55:39,22.13,YF,DC,S_DCS_P1,60,Predator
1397,2021/08/28 14:55:39,20.98,YF,DC,S_DCS_P1,60,Predator
1398,2021/08/28 15:55:39,19.05,YF,DC,S_DCS_P1,60,Predator
1399,2021/08/28 16:55:39,16.73,YF,DC,S_DCS_P1,60,Predator
1400,2021/08/28 17:55:39,16.47,YF,DC,S_DCS_P1,60,Predator
1401,2021/08/28 18:55:39,15.83,YF,DC,S_DCS_P1,60,Predator
1402,2021/08/28 19:55:39,15.18,YF,DC,S_DCS_P1,60,Predator
1403,2021/08/28 20:55:39,14.88,YF,DC,S_DCS_P1,60,Predator
1404,2021/08/28 21:55:39,14.93,YF,DC,S_DCS_P1,60,Predator
1405,2021/08/28 22:55:39,14.54,YF,DC,S_DCS_P1,60,Predator
1406,2021/08/28 23:55:39,14.33,YF,DC,S_DCS_P1,60,Predator
1407,2021/08/29 00:55:39,14.20,YF,DC,S_DCS_P1,60,Predator
1408,2021/08/29 01:55:39,14.41,YF,DC,S_DCS_P1,60,Predator
1409,2021/08/29 02:55:39,14.63,YF,DC,S_DCS_P1,60,Predator
1410,2021/08/29 03:55:39,14.71,YF,DC,S_DCS_P1,60,Predator
1411,2021/08/29 04:55:39,14.71,YF,DC,S_DCS_P1,60,Predator
1412,2021/08/29 05:55:39,14.75,YF,DC,S_DCS_P1,60,Predator
1413,2021/08/29 06:55:39,15.06,YF,DC,S_DCS_P1,60,Predator
1414,2021/08/29 07:55:39,15.70,YF,DC,S_DCS_P1,60,Predator
1415,2021/08/29 08:55:39,16.30,YF,DC,S_DCS_P1,60,Predator
1416,2021/08/29 09:55:39,18.40,YF,DC,S_DCS_P1,60,Predator
1417,2021/08/29 10:55:39,20.46,YF,DC,S_DCS_P1,60,Predator
1418,2021/08/29 11:55:39,22.05,YF,DC,S_DCS_P1,60,Predator
1419,2021/08/29 12:55:39,22.13,YF,DC,S_DCS_P1,60,Predator
1420,2021/08/29 13:55:39,22.26,YF,DC,S_DCS_P1,60,Predator
1421,2021/08/29 14:55:39,21.96,YF,DC,S_DCS_P1,60,Predator
1422,2021/08/29 15:55:39,22.01,YF,DC,S_DCS_P1,60,Predator
1423,2021/08/29 16:55:39,21.88,YF,DC,S_DCS_P1,60,Predator
1424,2021/08/29 17:55:39,21.53,YF,DC,S_DCS_P1,60,Predator
1425,2021/08/29 18:55:39,20.37,YF,DC,S_DCS_P1,60,Predator
1426,2021/08/29 19:55:39,19.65,YF,DC,S_DCS_P1,60,Predator
1427,2021/08/29 20:55:39,19.56,YF,DC,S_DCS_P1,60,Predator
1428,2021/08/29 21:55:39,19.52,YF,DC,S_DCS_P1,60,Predator
1429,2021/08/29 22:55:39,19.47,YF,DC,S_DCS_P1,60,Predator
1430,2021/08/29 23:55:39,19.39,YF,DC,S_DCS_P1,60,Predator
1431,2021/08/30 00:55:39,19.30,YF,DC,S_DCS_P1,60,Predator
1432,2021/08/30 01:55:39,19.39,YF,DC,S_DCS_P1,60,Predator
1433,2021/08/30 02:55:39,19.39,YF,DC,S_DCS_P1,60,Predator
1434,2021/08/30 03:55:39,19.47,YF,DC,S_DCS_P1,60,Predator
1435,2021/08/30 04:55:39,19.69,YF,DC,S_DCS_P1,60,Predator
1436,2021/08/30 05:55:39,20.03,YF,DC,S_DCS_P1,60,Predator
1437,2021/08/30 06:55:39,20.20,YF,DC,S_DCS_P1,60,Predator
1438,2021/08/30 07:55:39,20.93,YF,DC,S_DCS_P1,60,Predator
1439,2021/08/30 08:55:39,22.13,YF,DC,S_DCS_P1,60,Predator
1440,2021/08/30 09:55:39,22.99,YF,DC,S_DCS_P1,60,Predator
1441,2021/08/30 10:55:39,24.41,YF,DC,S_DCS_P1,60,Predator
1442,2021/08/30 11:55:39,26.25,YF,DC,S_DCS_P1,60,Predator
1443,2021/08/30 12:55:39,30.50,YF,DC,S_DCS_P1,60,Predator
1444,2021/08/30 13:55:39,29.30,YF,DC,S_DCS_P1,60,Predator
1445,2021/08/30 14:55:39,28.65,YF,DC,S_DCS_P1,60,Predator
1446,2021/08/30 15:55:39,28.57,YF,DC,S_DCS_P1,60,Predator
1447,2021/08/30 16:55:39,28.27,YF,DC,S_DCS_P1,60,Predator
1448,2021/08/30 17:55:39,25.52,YF,DC,S_DCS_P1,60,Predator
1449,2021/08/30 18:55:39,24.41,YF,DC,S_DCS_P1,60,Predator
1450,2021/08/30 19:55:39,22.65,YF,DC,S_DCS_P1,60,Predator
1451,2021/08/30 20:55:39,21.92,YF,DC,S_DCS_P1,60,Predator
1452,2021/08/30 21:55:39,21.88,YF,DC,S_DCS_P1,60,Predator
1453,2021/08/30 22:55:39,21.45,YF,DC,S_DCS_P1,60,Predator
1454,2021/08/30 23:55:39,20.76,YF,DC,S_DCS_P1,60,Predator
1455,2021/08/31 00:55:39,19.86,YF,DC,S_DCS_P1,60,Predator
1456,2021/08/31 01:55:39,20.16,YF,DC,S_DCS_P1,60,Predator
1457,2021/08/31 02:55:39,17.84,YF,DC,S_DCS_P1,60,Predator
1458,2021/08/31 03:55:39,17.03,YF,DC,S_DCS_P1,60,Predator
1459,2021/08/31 04:55:39,16.69,YF,DC,S_DCS_P1,60,Predator
1460,2021/08/31 05:55:39,15.83,YF,DC,S_DCS_P1,60,Predator
1461,2021/08/31 06:55:39,15.57,YF,DC,S_DCS_P1,60,Predator
1462,2021/08/31 07:55:39,18.92,YF,DC,S_DCS_P1,60,Predator
1463,2021/08/31 08:55:39,21.36,YF,DC,S_DCS_P1,60,Predator
1464,2021/08/31 09:55:39,24.58,YF,DC,S_DCS_P1,60,Predator
1465,2021/08/31 10:55:39,25.95,YF,DC,S_DCS_P1,60,Predator
1466,2021/08/31 11:55:39,28.18,YF,DC,S_DCS_P1,60,Predator
1467,2021/08/31 12:55:39,32.86,YF,DC,S_DCS_P1,60,Predator
1468,2021/08/31 13:55:39,32.47,YF,DC,S_DCS_P1,60,Predator
1469,2021/08/31 14:55:39,27.07,YF,DC,S_DCS_P1,60,Predator
1470,2021/08/31 15:55:39,26.72,YF,DC,S_DCS_P1,60,Predator
1471,2021/08/31 16:55:39,27.15,YF,DC,S_DCS_P1,60,Predator
1472,2021/08/31 17:55:39,24.32,YF,DC,S_DCS_P1,60,Predator
1473,2021/08/31 18:55:39,20.37,YF,DC,S_DCS_P1,60,Predator
1474,2021/08/31 19:55:39,17.29,YF,DC,S_DCS_P1,60,Predator
1475,2021/08/31 20:55:39,16.39,YF,DC,S_DCS_P1,60,Predator
1476,2021/08/31 21:55:39,16.08,YF,DC,S_DCS_P1,60,Predator
1477,2021/08/31 22:55:39,16.00,YF,DC,S_DCS_P1,60,Predator
1478,2021/08/31 23:55:39,16.13,YF,DC,S_DCS_P1,60,Predator
1479,2021/09/01 00:55:39,15.78,YF,DC,S_DCS_P1,60,Predator
1480,2021/09/01 01:55:39,15.74,YF,DC,S_DCS_P1,60,Predator
1481,2021/09/01 02:55:39,15.78,YF,DC,S_DCS_P1,60,Predator
1482,2021/09/01 03:55:39,16.64,YF,DC,S_DCS_P1,60,Predator
1483,2021/09/01 04:55:39,17.20,YF,DC,S_DCS_P1,60,Predator
1484,2021/09/01 05:55:39,17.29,YF,DC,S_DCS_P1,60,Predator
1485,2021/09/01 06:55:39,17.67,YF,DC,S_DCS_P1,60,Predator
1486,2021/09/01 07:55:39,17.72,YF,DC,S_DCS_P1,60,Predator
1487,2021/09/01 08:55:39,17.89,YF,DC,S_DCS_P1,60,Predator
1488,2021/09/01 09:55:39,18.27,YF,DC,S_DCS_P1,60,Predator
1489,2021/09/01 10:55:39,18.66,YF,DC,S_DCS_P1,60,Predator
1490,2021/09/01 11:55:39,18.92,YF,DC,S_DCS_P1,60,Predator
1491,2021/09/01 12:55:39,18.44,YF,DC,S_DCS_P1,60,Predator
1492,2021/09/01 13:55:39,19.17,YF,DC,S_DCS_P1,60,Predator
1493,2021/09/01 14:55:39,19.13,YF,DC,S_DCS_P1,60,Predator
1494,2021/09/01 15:55:39,18.36,YF,DC,S_DCS_P1,60,Predator
1495,2021/09/01 16:55:39,17.67,YF,DC,S_DCS_P1,60,Predator
1496,2021/09/01 17:55:39,16.86,YF,DC,S_DCS_P1,60,Predator
1497,2021/09/01 18:55:39,16.73,YF,DC,S_DCS_P1,60,Predator
1498,2021/09/01 19:55:39,16.43,YF,DC,S_DCS_P1,60,Predator
1499,2021/09/01 20:55:39,15.66,YF,DC,S_DCS_P1,60,Predator
1500,2021/09/01 21:55:39,15.18,YF,DC,S_DCS_P1,60,Predator
1501,2021/09/01 22:55:39,14.75,YF,DC,S_DCS_P1,60,Predator
1502,2021/09/01 23:55:39,14.41,YF,DC,S_DCS_P1,60,Predator
1503,2021/09/02 00:55:39,13.81,YF,DC,S_DCS_P1,60,Predator
1504,2021/09/02 01:55:39,13.55,YF,DC,S_DCS_P1,60,Predator
1505,2021/09/02 02:55:39,12.82,YF,DC,S_DCS_P1,60,Predator
1506,2021/09/02 03:55:39,12.78,YF,DC,S_DCS_P1,60,Predator
1507,2021/09/02 04:55:39,13.00,YF,DC,S_DCS_P1,60,Predator
1508,2021/09/02 05:55:39,12.95,YF,DC,S_DCS_P1,60,Predator
1509,2021/09/02 06:55:39,13.12,YF,DC,S_DCS_P1,60,Predator
1510,2021/09/02 07:55:39,13.60,YF,DC,S_DCS_P1,60,Predator
1511,2021/09/02 08:55:39,15.18,YF,DC,S_DCS_P1,60,Predator
1512,2021/09/02 09:55:39,18.49,YF,DC,S_DCS_P1,60,Predator
1513,2021/09/02 10:55:39,20.93,YF,DC,S_DCS_P1,60,Predator
1514,2021/09/02 11:55:39,23.34,YF,DC,S_DCS_P1,60,Predator
1515,2021/09/02 12:55:39,25.48,YF,DC,S_DCS_P1,60,Predator
1516,2021/09/02 13:55:39,23.64,YF,DC,S_DCS_P1,60,Predator
1517,2021/09/02 14:55:39,26.90,YF,DC,S_DCS_P1,60,Predator
1518,2021/09/02 15:55:39,23.55,YF,DC,S_DCS_P1,60,Predator
1519,2021/09/02 16:55:39,22.61,YF,DC,S_DCS_P1,60,Predator
1520,2021/09/02 17:55:39,18.19,YF,DC,S_DCS_P1,60,Predator
1521,2021/09/02 18:55:39,14.80,YF,DC,S_DCS_P1,60,Predator
1522,2021/09/02 19:55:39,11.92,YF,DC,S_DCS_P1,60,Predator
1523,2021/09/02 20:55:39,10.85,YF,DC,S_DCS_P1,60,Predator
1524,2021/09/02 21:55:39,10.46,YF,DC,S_DCS_P1,60,Predator
1525,2021/09/02 22:55:39,10.21,YF,DC,S_DCS_P1,60,Predator
1526,2021/09/02 23:55:39,10.25,YF,DC,S_DCS_P1,60,Predator
1527,2021/09/03 00:55:39,9.56,YF,DC,S_DCS_P1,60,Predator
1528,2021/09/03 01:55:39,9.86,YF,DC,S_DCS_P1,60,Predator
1529,2021/09/03 02:55:39,9.14,YF,DC,S_DCS_P1,60,Predator
1530,2021/09/03 03:55:39,9.26,YF,DC,S_DCS_P1,60,Predator
1531,2021/09/03 04:55:39,9.01,YF,DC,S_DCS_P1,60,Predator
1532,2021/09/03 05:55:39,8.58,YF,DC,S_DCS_P1,60,Predator
1533,2021/09/03 06:55:39,9.61,YF,DC,S_DCS_P1,60,Predator
1534,2021/09/03 07:55:39,13.51,YF,DC,S_DCS_P1,60,Predator
1535,2021/09/03 08:55:39,16.04,YF,DC,S_DCS_P1,60,Predator
1536,2021/09/03 09:55:39,19.90,YF,DC,S_DCS_P1,60,Predator
1537,2021/09/03 10:55:39,23.08,YF,DC,S_DCS_P1,60,Predator
1538,2021/09/03 11:55:39,22.22,YF,DC,S_DCS_P1,60,Predator
1539,2021/09/03 12:55:39,24.36,YF,DC,S_DCS_P1,60,Predator
1540,2021/09/03 13:55:39,28.44,YF,DC,S_DCS_P1,60,Predator
1541,2021/09/03 14:55:39,23.81,YF,DC,S_DCS_P1,60,Predator
1542,2021/09/03 15:55:39,21.15,YF,DC,S_DCS_P1,60,Predator
1543,2021/09/03 16:55:39,22.86,YF,DC,S_DCS_P1,60,Predator
1544,2021/09/03 17:55:39,18.36,YF,DC,S_DCS_P1,60,Predator
1545,2021/09/03 18:55:39,14.63,YF,DC,S_DCS_P1,60,Predator
1546,2021/09/03 19:55:39,12.22,YF,DC,S_DCS_P1,60,Predator
1547,2021/09/03 20:55:39,11.84,YF,DC,S_DCS_P1,60,Predator
1548,2021/09/03 21:55:39,11.32,YF,DC,S_DCS_P1,60,Predator
1549,2021/09/03 22:55:39,10.12,YF,DC,S_DCS_P1,60,Predator
1550,2021/09/03 23:55:39,9.95,YF,DC,S_DCS_P1,60,Predator
1551,2021/09/04 00:55:39,9.86,YF,DC,S_DCS_P1,60,Predator
1552,2021/09/04 01:55:39,9.61,YF,DC,S_DCS_P1,60,Predator
1553,2021/09/04 02:55:39,9.52,YF,DC,S_DCS_P1,60,Predator
1554,2021/09/04 03:55:39,9.74,YF,DC,S_DCS_P1,60,Predator
1555,2021/09/04 04:55:39,9.44,YF,DC,S_DCS_P1,60,Predator
1556,2021/09/04 05:55:39,9.31,YF,DC,S_DCS_P1,60,Predator
1557,2021/09/04 06:55:39,9.48,YF,DC,S_DCS_P1,60,Predator
1558,2021/09/04 07:55:39,11.71,YF,DC,S_DCS_P1,60,Predator
1559,2021/09/04 08:55:39,17.41,YF,DC,S_DCS_P1,60,Predator
1560,2021/09/04 09:55:39,22.91,YF,DC,S_DCS_P1,60,Predator
1561,2021/09/04 10:55:39,25.09,YF,DC,S_DCS_P1,60,Predator
1562,2021/09/04 11:55:39,26.85,YF,DC,S_DCS_P1,60,Predator
1563,2021/09/04 12:55:39,26.42,YF,DC,S_DCS_P1,60,Predator
1564,2021/09/04 13:55:39,29.08,YF,DC,S_DCS_P1,60,Predator
1565,2021/09/04 14:55:39,28.01,YF,DC,S_DCS_P1,60,Predator
1566,2021/09/04 15:55:39,24.75,YF,DC,S_DCS_P1,60,Predator
1567,2021/09/04 16:55:39,25.39,YF,DC,S_DCS_P1,60,Predator
1568,2021/09/04 17:55:39,19.95,YF,DC,S_DCS_P1,60,Predator
1569,2021/09/04 18:55:39,16.34,YF,DC,S_DCS_P1,60,Predator
1570,2021/09/04 19:55:39,14.07,YF,DC,S_DCS_P1,60,Predator
1571,2021/09/04 20:55:39,13.51,YF,DC,S_DCS_P1,60,Predator
1572,2021/09/04 21:55:39,12.48,YF,DC,S_DCS_P1,60,Predator
1573,2021/09/04 22:55:39,12.44,YF,DC,S_DCS_P1,60,Predator
1574,2021/09/04 23:55:39,12.74,YF,DC,S_DCS_P1,60,Predator
1575,2021/09/05 00:55:39,12.31,YF,DC,S_DCS_P1,60,Predator
1576,2021/09/05 01:55:39,13.38,YF,DC,S_DCS_P1,60,Predator
1577,2021/09/05 02:55:39,12.91,YF,DC,S_DCS_P1,60,Predator
1578,2021/09/05 03:55:39,13.51,YF,DC,S_DCS_P1,60,Predator
1579,2021/09/05 04:55:39,13.64,YF,DC,S_DCS_P1,60,Predator
1580,2021/09/05 05:55:39,14.80,YF,DC,S_DCS_P1,60,Predator
1581,2021/09/05 06:55:39,15.23,YF,DC,S_DCS_P1,60,Predator
1582,2021/09/05 07:55:39,16.34,YF,DC,S_DCS_P1,60,Predator
1583,2021/09/05 08:55:39,16.90,YF,DC,S_DCS_P1,60,Predator
1584,2021/09/05 09:55:39,17.29,YF,DC,S_DCS_P1,60,Predator
1585,2021/09/05 10:55:39,18.74,YF,DC,S_DCS_P1,60,Predator
1586,2021/09/05 11:55:39,19.00,YF,DC,S_DCS_P1,60,Predator
1587,2021/09/05 12:55:39,21.53,YF,DC,S_DCS_P1,60,Predator
1588,2021/09/05 13:55:39,21.32,YF,DC,S_DCS_P1,60,Predator
1589,2021/09/05 14:55:39,20.55,YF,DC,S_DCS_P1,60,Predator
1590,2021/09/05 15:55:39,19.13,YF,DC,S_DCS_P1,60,Predator
1591,2021/09/05 16:55:39,18.74,YF,DC,S_DCS_P1,60,Predator
1592,2021/09/05 17:55:39,18.19,YF,DC,S_DCS_P1,60,Predator
1593,2021/09/05 18:55:39,18.06,YF,DC,S_DCS_P1,60,Predator
1594,2021/09/05 19:55:39,17.93,YF,DC,S_DCS_P1,60,Predator
1595,2021/09/05 20:55:39,18.14,YF,DC,S_DCS_P1,60,Predator
1596,2021/09/05 21:55:39,18.32,YF,DC,S_DCS_P1,60,Predator
1597,2021/09/05 22:55:39,18.53,YF,DC,S_DCS_P1,60,Predator
1598,2021/09/05 23:55:39,18.62,YF,DC,S_DCS_P1,60,Predator
1599,2021/09/06 00:55:39,18.66,YF,DC,S_DCS_P1,60,Predator
1600,2021/09/06 01:55:39,18.74,YF,DC,S_DCS_P1,60,Predator
1601,2021/09/06 02:55:39,18.74,YF,DC,S_DCS_P1,60,Predator
1602,2021/09/06 03:55:39,18.14,YF,DC,S_DCS_P1,60,Predator
1603,2021/09/06 04:55:39,18.14,YF,DC,S_DCS_P1,60,Predator
1604,2021/09/06 05:55:39,18.02,YF,DC,S_DCS_P1,60,Predator
1605,2021/09/06 06:55:39,17.11,YF,DC,S_DCS_P1,60,Predator
1606,2021/09/06 07:55:39,19.13,YF,DC,S_DCS_P1,60,Predator
1607,2021/09/06 08:55:39,21.92,YF,DC,S_DCS_P1,60,Predator
1608,2021/09/06 09:55:39,26.38,YF,DC,S_DCS_P1,60,Predator
1609,2021/09/06 10:55:39,26.25,YF,DC,S_DCS_P1,60,Predator
1610,2021/09/06 11:55:39,29.30,YF,DC,S_DCS_P1,60,Predator
1611,2021/09/06 12:55:39,30.54,YF,DC,S_DCS_P1,60,Predator
1612,2021/09/06 13:55:39,32.04,YF,DC,S_DCS_P1,60,Predator
1613,2021/09/06 14:55:39,27.84,YF,DC,S_DCS_P1,60,Predator
1614,2021/09/06 15:55:39,26.90,YF,DC,S_DCS_P1,60,Predator
1615,2021/09/06 16:55:39,25.57,YF,DC,S_DCS_P1,60,Predator
1616,2021/09/06 17:55:39,22.26,YF,DC,S_DCS_P1,60,Predator
1617,2021/09/06 18:55:39,18.06,YF,DC,S_DCS_P1,60,Predator
1618,2021/09/06 19:55:39,14.88,YF,DC,S_DCS_P1,60,Predator
1619,2021/09/06 20:55:39,13.64,YF,DC,S_DCS_P1,60,Predator
1620,2021/09/06 21:55:39,12.70,YF,DC,S_DCS_P1,60,Predator
1621,2021/09/06 22:55:39,12.18,YF,DC,S_DCS_P1,60,Predator
1622,2021/09/06 23:55:39,11.54,YF,DC,S_DCS_P1,60,Predator
1623,2021/09/07 00:55:39,11.24,YF,DC,S_DCS_P1,60,Predator
1624,2021/09/07 01:55:39,10.89,YF,DC,S_DCS_P1,60,Predator
1625,2021/09/07 02:55:39,10.29,YF,DC,S_DCS_P1,60,Predator
1626,2021/09/07 03:55:39,10.46,YF,DC,S_DCS_P1,60,Predator
1627,2021/09/07 04:55:39,10.25,YF,DC,S_DCS_P1,60,Predator
1628,2021/09/07 05:55:39,10.81,YF,DC,S_DCS_P1,60,Predator
1629,2021/09/07 06:55:39,10.85,YF,DC,S_DCS_P1,60,Predator
1630,2021/09/07 07:55:39,12.44,YF,DC,S_DCS_P1,60,Predator
1631,2021/09/07 08:55:39,19.13,YF,DC,S_DCS_P1,60,Predator
1632,2021/09/07 09:55:39,23.89,YF,DC,S_DCS_P1,60,Predator
1633,2021/09/07 10:55:39,25.35,YF,DC,S_DCS_P1,60,Predator
1634,2021/09/07 11:55:39,28.23,YF,DC,S_DCS_P1,60,Predator
1635,2021/09/07 12:55:39,28.61,YF,DC,S_DCS_P1,60,Predator
1636,2021/09/07 13:55:39,30.71,YF,DC,S_DCS_P1,60,Predator
1637,2021/09/07 14:55:39,27.24,YF,DC,S_DCS_P1,60,Predator
1638,2021/09/07 15:55:39,25.61,YF,DC,S_DCS_P1,60,Predator
1639,2021/09/07 16:55:39,25.01,YF,DC,S_DCS_P1,60,Predator
1640,2021/09/07 17:55:39,20.42,YF,DC,S_DCS_P1,60,Predator
1641,2021/09/07 18:55:39,16.86,YF,DC,S_DCS_P1,60,Predator
1642,2021/09/07 19:55:39,15.31,YF,DC,S_DCS_P1,60,Predator
1643,2021/09/07 20:55:39,14.11,YF,DC,S_DCS_P1,60,Predator
1644,2021/09/07 21:55:39,13.81,YF,DC,S_DCS_P1,60,Predator
1645,2021/09/07 22:55:39,13.38,YF,DC,S_DCS_P1,60,Predator
1646,2021/09/07 23:55:39,12.91,YF,DC,S_DCS_P1,60,Predator
1647,2021/09/08 00:55:39,12.70,YF,DC,S_DCS_P1,60,Predator
1648,2021/09/08 01:55:39,12.91,YF,DC,S_DCS_P1,60,Predator
1649,2021/09/08 02:55:39,13.43,YF,DC,S_DCS_P1,60,Predator
1650,2021/09/08 03:55:39,13.68,YF,DC,S_DCS_P1,60,Predator
1651,2021/09/08 04:55:39,14.97,YF,DC,S_DCS_P1,60,Predator
1652,2021/09/08 05:55:39,16.51,YF,DC,S_DCS_P1,60,Predator
1653,2021/09/08 06:55:39,16.90,YF,DC,S_DCS_P1,60,Predator
1654,2021/09/08 07:55:39,18.10,YF,DC,S_DCS_P1,60,Predator
1655,2021/09/08 08:55:39,19.26,YF,DC,S_DCS_P1,60,Predator
1656,2021/09/08 09:55:39,23.59,YF,DC,S_DCS_P1,60,Predator
1657,2021/09/08 10:55:39,27.02,YF,DC,S_DCS_P1,60,Predator
1658,2021/09/08 11:55:39,28.53,YF,DC,S_DCS_P1,60,Predator
1659,2021/09/08 12:55:39,28.70,YF,DC,S_DCS_P1,60,Predator
1660,2021/09/08 13:55:39,27.84,YF,DC,S_DCS_P1,60,Predator
1661,2021/09/08 14:55:39,27.28,YF,DC,S_DCS_P1,60,Predator
1662,2021/09/08 15:55:39,26.08,YF,DC,S_DCS_P1,60,Predator
1663,2021/09/08 16:55:39,24.24,YF,DC,S_DCS_P1,60,Predator
1664,2021/09/08 17:55:39,22.86,YF,DC,S_DCS_P1,60,Predator
1665,2021/09/08 18:55:39,21.92,YF,DC,S_DCS_P1,60,Predator
1666,2021/09/08 19:55:39,21.49,YF,DC,S_DCS_P1,60,Predator
1667,2021/09/08 20:55:39,21.02,YF,DC,S_DCS_P1,60,Predator
1668,2021/09/08 21:55:39,21.06,YF,DC,S_DCS_P1,60,Predator
1669,2021/09/08 22:55:39,21.02,YF,DC,S_DCS_P1,60,Predator
1670,2021/09/08 23:55:39,20.76,YF,DC,S_DCS_P1,60,Predator
1671,2021/09/09 00:55:39,20.42,YF,DC,S_DCS_P1,60,Predator
1672,2021/09/09 01:55:39,20.63,YF,DC,S_DCS_P1,60,Predator
1673,2021/09/09 02:55:39,20.98,YF,DC,S_DCS_P1,60,Predator
1674,2021/09/09 03:55:39,20.76,YF,DC,S_DCS_P1,60,Predator
1675,2021/09/09 04:55:39,20.25,YF,DC,S_DCS_P1,60,Predator
1676,2021/09/09 05:55:39,19.05,YF,DC,S_DCS_P1,60,Predator
1677,2021/09/09 06:55:39,19.82,YF,DC,S_DCS_P1,60,Predator
1678,2021/09/09 07:55:39,20.20,YF,DC,S_DCS_P1,60,Predator
1679,2021/09/09 08:55:39,21.15,YF,DC,S_DCS_P1,60,Predator
1680,2021/09/09 09:55:39,21.19,YF,DC,S_DCS_P1,60,Predator
1681,2021/09/09 10:55:39,21.66,YF,DC,S_DCS_P1,60,Predator
1682,2021/09/09 11:55:39,22.13,YF,DC,S_DCS_P1,60,Predator
1683,2021/09/09 12:55:39,22.65,YF,DC,S_DCS_P1,60,Predator
1684,2021/09/09 13:55:39,22.09,YF,DC,S_DCS_P1,60,Predator
1685,2021/09/09 14:55:39,21.88,YF,DC,S_DCS_P1,60,Predator
1686,2021/09/09 15:55:39,20.25,YF,DC,S_DCS_P1,60,Predator
1687,2021/09/09 16:55:39,19.22,YF,DC,S_DCS_P1,60,Predator
1688,2021/09/09 17:55:39,19.13,YF,DC,S_DCS_P1,60,Predator
1689,2021/09/09 18:55:39,19.05,YF,DC,S_DCS_P1,60,Predator
1690,2021/09/09 19:55:39,19.09,YF,DC,S_DCS_P1,60,Predator
1691,2021/09/09 20:55:39,18.57,YF,DC,S_DCS_P1,60,Predator
1692,2021/09/09 21:55:39,18.53,YF,DC,S_DCS_P1,60,Predator
1693,2021/09/09 22:55:39,18.10,YF,DC,S_DCS_P1,60,Predator
1694,2021/09/09 23:55:39,17.67,YF,DC,S_DCS_P1,60,Predator
1695,2021/09/10 00:55:39,16.99,YF,DC,S_DCS_P1,60,Predator
1696,2021/09/10 01:55:39,16.56,YF,DC,S_DCS_P1,60,Predator
1697,2021/09/10 02:55:39,16.34,YF,DC,S_DCS_P1,60,Predator
1698,2021/09/10 03:55:39,15.66,YF,DC,S_DCS_P1,60,Predator
1699,2021/09/10 04:55:39,15.44,YF,DC,S_DCS_P1,60,Predator
1700,2021/09/10 05:55:39,13.94,YF,DC,S_DCS_P1,60,Predator
1701,2021/09/10 06:55:39,13.47,YF,DC,S_DCS_P1,60,Predator
1702,2021/09/10 07:55:39,14.54,YF,DC,S_DCS_P1,60,Predator
1703,2021/09/10 08:55:39,18.06,YF,DC,S_DCS_P1,60,Predator
1704,2021/09/10 09:55:39,21.36,YF,DC,S_DCS_P1,60,Predator
1705,2021/09/10 10:55:39,23.16,YF,DC,S_DCS_P1,60,Predator
1706,2021/09/10 11:55:39,25.82,YF,DC,S_DCS_P1,60,Predator
1707,2021/09/10 12:55:39,27.37,YF,DC,S_DCS_P1,60,Predator
1708,2021/09/10 13:55:39,27.24,YF,DC,S_DCS_P1,60,Predator
1709,2021/09/10 14:55:39,24.02,YF,DC,S_DCS_P1,60,Predator
1710,2021/09/10 15:55:39,21.58,YF,DC,S_DCS_P1,60,Predator
1711,2021/09/10 16:55:39,21.58,YF,DC,S_DCS_P1,60,Predator
1712,2021/09/10 17:55:39,17.72,YF,DC,S_DCS_P1,60,Predator
1713,2021/09/10 18:55:39,13.85,YF,DC,S_DCS_P1,60,Predator
1714,2021/09/10 19:55:39,11.49,YF,DC,S_DCS_P1,60,Predator
1715,2021/09/10 20:55:39,10.46,YF,DC,S_DCS_P1,60,Predator
1716,2021/09/10 21:55:39,9.61,YF,DC,S_DCS_P1,60,Predator
1717,2021/09/10 22:55:39,8.92,YF,DC,S_DCS_P1,60,Predator
1718,2021/09/10 23:55:39,8.41,YF,DC,S_DCS_P1,60,Predator
1719,2021/09/11 00:55:39,8.15,YF,DC,S_DCS_P1,60,Predator
1720,2021/09/11 01:55:39,8.23,YF,DC,S_DCS_P1,60,Predator
1721,2021/09/11 02:55:39,7.85,YF,DC,S_DCS_P1,60,Predator
1722,2021/09/11 03:55:39,7.46,YF,DC,S_DCS_P1,60,Predator
1723,2021/09/11 04:55:39,7.25,YF,DC,S_DCS_P1,60,Predator
1724,2021/09/11 05:55:39,7.33,YF,DC,S_DCS_P1,60,Predator
1725,2021/09/11 06:55:39,7.63,YF,DC,S_DCS_P1,60,Predator
1726,2021/09/11 07:55:39,9.82,YF,DC,S_DCS_P1,60,Predator
1727,2021/09/11 08:55:39,15.31,YF,DC,S_DCS_P1,60,Predator
1728,2021/09/11 09:55:39,21.70,YF,DC,S_DCS_P1,60,Predator
1729,2021/09/11 10:55:39,23.46,YF,DC,S_DCS_P1,60,Predator
1730,2021/09/11 11:55:39,26.04,YF,DC,S_DCS_P1,60,Predator
1731,2021/09/11 12:55:39,28.74,YF,DC,S_DCS_P1,60,Predator
1732,2021/09/11 13:55:39,29.86,YF,DC,S_DCS_P1,60,Predator
1733,2021/09/11 14:55:39,23.16,YF,DC,S_DCS_P1,60,Predator
1734,2021/09/11 15:55:39,23.16,YF,DC,S_DCS_P1,60,Predator
1735,2021/09/11 16:55:39,23.29,YF,DC,S_DCS_P1,60,Predator
1736,2021/09/11 17:55:39,19.77,YF,DC,S_DCS_P1,60,Predator
1737,2021/09/11 18:55:39,17.20,YF,DC,S_DCS_P1,60,Predator
1738,2021/09/11 19:55:39,14.93,YF,DC,S_DCS_P1,60,Predator
1739,2021/09/11 20:55:39,13.90,YF,DC,S_DCS_P1,60,Predator
1740,2021/09/11 21:55:39,13.17,YF,DC,S_DCS_P1,60,Predator
1741,2021/09/11 22:55:39,12.40,YF,DC,S_DCS_P1,60,Predator
1742,2021/09/11 23:55:39,12.40,YF,DC,S_DCS_P1,60,Predator
1743,2021/09/12 00:55:39,12.14,YF,DC,S_DCS_P1,60,Predator
1744,2021/09/12 01:55:39,13.38,YF,DC,S_DCS_P1,60,Predator
1745,2021/09/12 02:55:39,13.55,YF,DC,S_DCS_P1,60,Predator
1746,2021/09/12 03:55:39,13.94,YF,DC,S_DCS_P1,60,Predator
1747,2021/09/12 04:55:39,13.85,YF,DC,S_DCS_P1,60,Predator
1748,2021/09/12 05:55:39,13.94,YF,DC,S_DCS_P1,60,Predator
1749,2021/09/12 06:55:39,14.07,YF,DC,S_DCS_P1,60,Predator
1750,2021/09/12 07:55:39,15.96,YF,DC,S_DCS_P1,60,Predator
1751,2021/09/12 08:55:39,18.44,YF,DC,S_DCS_P1,60,Predator
1752,2021/09/12 09:55:39,22.09,YF,DC,S_DCS_P1,60,Predator
1753,2021/09/12 10:55:39,23.89,YF,DC,S_DCS_P1,60,Predator
1754,2021/09/12 11:55:39,26.55,YF,DC,S_DCS_P1,60,Predator
1755,2021/09/12 12:55:39,28.74,YF,DC,S_DCS_P1,60,Predator
1756,2021/09/12 13:55:39,29.94,YF,DC,S_DCS_P1,60,Predator
1757,2021/09/12 14:55:39,27.24,YF,DC,S_DCS_P1,60,Predator
1758,2021/09/12 15:55:39,25.87,YF,DC,S_DCS_P1,60,Predator
1759,2021/09/12 16:55:39,24.92,YF,DC,S_DCS_P1,60,Predator
1760,2021/09/12 17:55:39,23.21,YF,DC,S_DCS_P1,60,Predator
1761,2021/09/12 18:55:39,20.80,YF,DC,S_DCS_P1,60,Predator
1762,2021/09/12 19:55:39,19.39,YF,DC,S_DCS_P1,60,Predator
1763,2021/09/12 20:55:39,18.32,YF,DC,S_DCS_P1,60,Predator
1764,2021/09/12 21:55:39,18.10,YF,DC,S_DCS_P1,60,Predator
1765,2021/09/12 22:55:39,18.32,YF,DC,S_DCS_P1,60,Predator
1766,2021/09/12 23:55:39,18.66,YF,DC,S_DCS_P1,60,Predator
1767,2021/09/13 00:55:39,19.22,YF,DC,S_DCS_P1,60,Predator
1768,2021/09/13 01:55:39,18.70,YF,DC,S_DCS_P1,60,Predator
1769,2021/09/13 02:55:39,18.02,YF,DC,S_DCS_P1,60,Predator
1770,2021/09/13 03:55:39,18.32,YF,DC,S_DCS_P1,60,Predator
1771,2021/09/13 04:55:39,18.87,YF,DC,S_DCS_P1,60,Predator
1772,2021/09/13 05:55:39,18.06,YF,DC,S_DCS_P1,60,Predator
1773,2021/09/13 06:55:39,18.53,YF,DC,S_DCS_P1,60,Predator
1774,2021/09/13 07:55:39,20.68,YF,DC,S_DCS_P1,60,Predator
1775,2021/09/13 08:55:39,22.26,YF,DC,S_DCS_P1,60,Predator
1776,2021/09/13 09:55:39,25.18,YF,DC,S_DCS_P1,60,Predator